[0,0] 276317343458482050024954594091203954462778993425951865457896136264319154184012371702485247324561228395799542523144559678099151153031279063227215558163486037243049223898024024357449851921532301567109165384985345417301464008295203997745152000000000000000000000000000000000000000000000000000000000000000000000000
[1,0] -1039617762024674503680997978467455535018161511701371192648348168700240649371063202240085585851547596581218725772274341614687477990995946244222972863553327891584052083271925796560611996152618352430736376816957107473365717196028771613802496000000000000000000000000000000000000000000000000000000000000000000000
[1,1] 2632729430746913467686038239408995290285553771767908359446482944162427682068736365260581741206525632844679955579383090184821496554699288794136428075238135415298340004749522032054552554508067994567681396240932733465774942525235846623264768000000000000000000000000000000000000000000000000000000000000000000
[2,0] 1661920890563146428612451321394996481221187788983281981076195383059984565611585477464566924955128742444108532356846784522660076606177096042695173873813319168703947719898690753489142195090731880019816601127164441820069716005124310300622848000000000000000000000000000000000000000000000000000000000000000000
[2,1] -3000222929472374210176297209910349503860028298610785892317108594511626471900603944644607318254005141957531322118001389224066515473128330065599148332886272500016481077214338988397078315002049011262033524727795414490633591069969127477084160000000000000000000000000000000000000000000000000000000000000000
[2,2] 2478348560263605434869908353778237254555774296563117283066068717776656501842354202033956182147554206672861574385295290465273840515362115281786651824943332397563929239715660897547552149322537449657449923045189408164738180200212350252351488000000000000000000000000000000000000000000000000000000000000
[3,0] -1463047024480245979280241327376382226402725447866451159985871158335322488883414996963917894584348841183390380355979710070209391406238666414264459079662417406983213110833072141261564145648478809434648390789537581781713656991504165586862080000000000000000000000000000000000000000000000000000000000000000
[3,1] 2262497160238780238427799060683935529064025820172870637301036415739598026162081737387924806478875466176853500027306184024845028370437141430830059502500990918191072769524078471935510988497814313882556544698932738304825597617688620960841728000000000000000000000000000000000000000000000000000000000000
[3,2] -1158808576905146037308489272739916641084895508172937454533984343819101200663404554059349450707830895912859170869906890034203566045182380827264949478987348378770442838380962605763672927729202147189215286845136270721996894496248579431071744000000000000000000000000000000000000000000000000000000000
[3,3] 329579555477216312242533644713290396099665487006302822539618867989839008371434669258852615480104760116537607356291344383498952479728191964330168296238042598955165356443871965028447780310457332750267398725005564907612335965589470611243008000000000000000000000000000000000000000000000000000000
[4,0] 768821198562330185833189255404359447901507786192843899963551642264332484949576288320621509478125282445433601844097581112161092234457996122372302593874365608972033014081764670450581752027647588303727183092630722052565257072013493741289472000000000000000000000000000000000000000000000000000000000000
[4,1] -1223077351038480684765415284739252935122858648492193761560710790242580832527200393309894669623286550057937586828889118311004677301684119133609264414556394115379472621462179638370159970088440452017388684962718871124943112610030907656503296000000000000000000000000000000000000000000000000000000000
[4,2] 758044703331100612500244592699844301911174927330718824063328825773629464292315713800010338880453680953741099972684845148073751486185564694650171476085501420558341583747389837266905749227082950361860086266033307059319294617014420962803712000000000000000000000000000000000000000000000000000000
[4,3] 297444568219121993000017570749641259306025391938638916414420652100955680515469717591284955896123396513722339620583601579131925727283894879856004793081488309007608120482492745340333502572352009264950748785668951361160435990256509748510720000000000000000000000000000000000000000000000000000
[4,4] 84771621028189440049406662944265690013868770800262296498416110265365380099002602703603629234038427285812996083440143124099158409510952293867959289327693157846883981248954713168706206952331884858799383643548851607326730175352125349953536000000000000000000000000000000000000000000000000
[5,0] -245402347923136776498253357224851731971460751458512252512753107482481102883166095778294325013270591402786914159471273870115063190734016329500381990832457207354362744656730585394665830534353642270506249428022678430942955443915557569560576000000000000000000000000000000000000000000000000000000000
[5,1] 356471320229087959250737962998630723709174302537093272543057149191489562421951344954813108212518434420499575064633781554258737310393778913944011951284494221936697969414972964827737366463094448277653455225841004985425219915373421290061824000000000000000000000000000000000000000000000000000000
[5,2] -762722652887810473958216980363005326925087096364240017639182730082957899426774107389179373143894227916338229715442961589118170380948503875115436941788657841281300097674856723174334630704862403137763819139211997592995565153949798560169984000000000000000000000000000000000000000000000000000
[5,3] -201238183097230966090224112683855156964957089552911138191761033643598462793554115832283664439356063600443450649107927310230469009527076275656144284599327197169773778141032500544793554045461704383772343410126980854255108835222558611603456000000000000000000000000000000000000000000000000
[5,4] 253748382391814639301525930510074235933598598531469276954502931772130946758494480286634216080006155064121733184520367924011681468147261428601127822535170703890868874276934283727368548763699580303900731140441693010883382064331964788244480000000000000000000000000000000000000000000000
[5,5] 198842034090251581860420617928330729942967446386609417673819163746724538697930695123077629382266390306507120825417032464732517158197110162838803214725166480952269362511035214098538730706089578330113817684725378075183170530036093114384384000000000000000000000000000000000000000000
[6,0] 47281570517690866244733758850795561868841979795432893306392986736961397228022894722754313013925005403398575113569562818552529932927600846067459418362034209131509654579138231670006814394444078557972275442209327421274567849207838416044032000000000000000000000000000000000000000000000000000000
[6,1] 11326097995613532001979757206499750979223612351239797653313206690965486361932903484458621470259980874416701390655355347292991055958255704368557217607956585070153893030691212165668424693364626075032943687857537117505669542556056745410560000000000000000000000000000000000000000000000000000
[6,2] 365022424514876997157296968250862888797435962472951826573483906963803572825050001248653630770257672357567709018408280996739541874622622457386423806163554115635612970159258271087682127329698326002866567048672830066772661494433309708517376000000000000000000000000000000000000000000000000
[6,3] -161653009968746703158536650754960497439932978287618779793558307041641483076343678091329073027133144755385363081153645144471897115560942431434851709354694988472934410086918080346390314558099580223469052494255142112484017394342972505456640000000000000000000000000000000000000000000000
[6,4] -193128592752075048728787313060023977517823375892124476866080232640346176848702529443458499521408835720834455059263949953388332724455070398463167955388936872697793573384988961926712046405691557705509012839133773703724612368275627178983424000000000000000000000000000000000000000000
[6,5] 36094049907551692663870032459903955001351100570513592722294494728820191571644753028142833159008884486176315960728740302112804771966445224102272961247583031107049405167339499306799128210246596197371595580633500176958603410238205979525120000000000000000000000000000000000000000
[6,6] 49866213127596132614379313447407147280334534959800574217592477741024053894710444296955569611842961069558738429900274892970710998756125572848054777817621739114174996193723984360796239223488598177376930533473529750135240346579737396641792000000000000000000000000000000000000
[7,0] -5722906440671874108895183731062827831004879962051609530359528861878075745593231233949533904374178557013105343473483307990304090058205798219968074308581031500781601000382953097973685502226674296081053461006749832679627162611576467357696000000000000000000000000000000000000000000000000000
[7,1] -36508866424681754725736202617078346678171300336755150299201018862166179854933313385414780968302526816279088184195835769840094473854767905530518104705450967549684547035906210570639472454281768449382110911287576647129542081952368763600896000000000000000000000000000000000000000000000000
[7,2] -52469551879339804510697139341851425330765812526560103912942957441376680103453966090985663280330529494316333986460010068262713871816433948966660276163529459843811585064277521607883949553911966124564032569563226907725461207836324056268800000000000000000000000000000000000000000000000
[7,3] 106500083431977765989542109757675251267737983371475266962125266454118311233162850917370981854831655620498628940773471048692337990595656182445037715822838630917964636201008610964371285057098225515816299213463973352529179868955696047325184000000000000000000000000000000000000000000
[7,4] 2047282233434529500281601630209510037918099604431661743360762065390725200416764479972446554538541856337218927667238969986030474101975681305334187048928617516900118007723891587857916252964667348218387145344155478258337342240462617968640000000000000000000000000000000000000000
[7,5] -28875595028830076287891158337344941627073834876206004296410022279640024954590219948672136069243317397149931763091869283687493242749536613779532333614892908774376998961628309403010510847866041419888352619598816831922138382311889664212992000000000000000000000000000000000000
[7,6] 3911248826412886281977569780812307778342211666638410340841170170075799348696428517116036064797088796698967441162120499453805701882997011538421310627078114187719510129970327741748466369414129441337545595561490079291872472763700860682240000000000000000000000000000000000
[7,7] 2026006659211321501534679166746194162272540101349454291026280335531828293905743722728964963321343911418633824030960538457672651564136840287756721346297639202524515860346787244007035547483856897002643588738902069708296486116013979467776000000000000000000000000000000
[8,0] 519515652901682220305929669995631049823410969926146722302986322286837908655171871126584249462204950540736335243278901813595860037015787801962229751477799937127700710937573949254027287259151561726202201526433310420513438980899805855744000000000000000000000000000000000000000000000000
[8,1] 7963035267759873555749730377764193654045676989020259129227402118811427284455052346583081435735674811511595053092900328803085275274720943218108775858089872374722019197555788012774382866130497271096108358412751860345416503435272417968128000000000000000000000000000000000000000000000
[8,2] -3774226202281761426139395871642540023548935633623597651778323127933355689587549137450214706142206070005340411236762082325822533598676530795113171058071723339673239529901957532285724411834113860319319416339180998998071548108415453626368000000000000000000000000000000000000000000
[8,3] -12319577051547787728513985512015838977196769765541862763247599093835713130957248127706574913168652775333648530293722480928928579257965056133135055557719799804593304744612156300777938079549435117801570951760742638833444110022753875132416000000000000000000000000000000000000000
[8,4] 8951883151249693983209250759437542877843830837214900471151406658506818108381945610161143736777409111098137609212571645604044856535521623518851678389164834066420995959731557918850185778851198931355242561072373561363583223755440664870912000000000000000000000000000000000000
[8,5] -182814553559606660601230522639267231196969835148358152137374040435648503497059653165940539977301042638644152228502927318059061113658311937092787359553918664471380751990589509374633777832317330260125062965375638829913708385482127179776000000000000000000000000000000000
[8,6] -461550404486210740087286051419001080672219170010170227970385485339836080203309228382635717282039750505502831385976445038673653065543428240418273345743537249919249886634549874702868129334336214103820589010219115625606481561778915377152000000000000000000000000000000
[8,7] -24010122381722017128620603118987850259644298871406888083574787609157359919437120367369264739216273749680218999981256550800453741742808343950161741171761193233543118636924076579947632836385943423035645132912044116460490241487889498112000000000000000000000000000
[8,8] 20375689084737075193286802126947285181069535362532374813109968534339144427691582493351150847643331933583691603620912445119068711857354115717746332787537775341167092053591936089145106270925862806830598730374130243302494304560645931008000000000000000000000000
[9,0] -32442969336623484595603753093698410241296305614444329914722417019285168550375759663115671328972059154698935858565325808008026157107306227694668629083883041949219143771731349622066822598789992739722207791714655700474940942189315751936000000000000000000000000000000000000000000000
[9,1] -472732041199351405011572629116797420271809934378149942898357472291019388040334215255846759114309088516015249599191770989037426199497422526654762921739815568467033531441223374345661078838345223612988501810073548059558714278227839287296000000000000000000000000000000000000000000
[9,2] 560642665366639362835190307430348697112747345287731770941186960989068120443436716399122717770225956448652212582131143925859758518435714697883642563283640090533881713097598558530903944705737155009199388548264529643527931706131519373312000000000000000000000000000000000000000
[9,3] -111195201073995239463266117613860781251913272094887291093191053374551988332022434340577347680025100334341150374801060894354413859514540789118269576874819991865354439851988713746180040142839764586654834191961985756162825863857468080128000000000000000000000000000000000000
[9,4] -267519763312437900145900837322992371259858350323716378595238918302792029882680845238357800101397135584264969565160977686948826913145610232441075885578153904079543426516387420140660211756933641292149686924463569663965155627525835063296000000000000000000000000000000000
[9,5] 124452954117403878828210616646728621445760298534497780321432326450468328719526626565453602158186079118065138026082980856084791896441914309471444966182607492613117653205926766002909468526141361013666604240679429655409248052704358432768000000000000000000000000000000
[9,6] 14217605230279628133951967570118888760261586346499503770685112589710682504809777009795528483165144098962911781226805974828688658671553873263477277731115982204734084195893394089088420292148055509500433600769324295883834646893428736000000000000000000000000000000
[9,7] -9190785525047007889172954191959973257235393528876013881825942060072300642355720293528895305963800021922794509686092576759690040176293479173629636517413666579655403658373065776279192003377357593736436223134147736169235437994553376768000000000000000000000000
[9,8] 583820996599255776395038239701963916944129985554844912288563555474137063305191157847657976068281665605801543825564956968158957627813844897628405465993207235615309335458036153771083151407384514353670343068689234871611228479471747072000000000000000000000
[9,9] 9549533948658829870624150894003647882997307822968852921357777043253244735259575922062430259153115493427542604917780993992303301369223749576846642735805601660186752822319233719687084854468980782698585406393162016817730687518900224000000000000000000
[10,0] 1568833757351410670455804499923141580553193163863391764995525590151684185661364144659336176452630800915789047999834143344225940459640882677952953063088988517671146080212540177469717860720439624489926843952731067367062243918183661568000000000000000000000000000000000000000000
[10,1] -10911981467097406212903763497408269031882168657538971754020395268918154488480058271186190797291844720523385552654244772023847552527885454825101465665733699120729187017834907961494187035389025534600793477483124490825220241346592243712000000000000000000000000000000000000000
[10,2] 79059770394250700728482895264369355708884767026798666193245355612424888646311179238553659589161854451939845665420784379453491817667244665650798700223971146208497525932462160171008787379903045638526987657259213578426743640777532899328000000000000000000000000000000000000
[10,3] -104935284955873766456587507368088544929416427901584184799726913424645213734753761657065020460046687248689677889248245226036226697931972782892090708420816735990834584914189678356712091055853011206864462895524812528282151548535854596096000000000000000000000000000000000
[10,4] 65780097316298504129792546541250520947503833569924791802955809663542791774089925599317828844649784979873856608128226483203337127769122864344211792950114816504146444197527219677438216096314356838331894829931679942384473194039231905792000000000000000000000000000000
[10,5] -24101991787444782418748272541259364491900988465645168005851450838254146530083892003975129613375402979198375001412378895591204254978670450948981312967516576896326671896687925346520883326035396249893433215635762742784659323185501569024000000000000000000000000000
[10,6] 4912171818674755791835955770133156720545261889265822726604104319380807987715726008662878073838809977225521007255992505121087904094853624643437509123082185775957222878411946540187993141673170327464232036092111430190036814813145858048000000000000000000000000
[10,7] -372536450797537761574901224901938240436131426492952524205885307113216134031730992521351641610527681747626990031788109287445520638477186897317632882332831463892007834778146545228166128834349018899182630424691969058467065139598196736000000000000000000000
[10,8] -10395845555894745432393965797803727515171494872164968061176659713819446230348544890182744126872931902810901707460341516332272504719594298558889109522320319103888697610810811664591064319119990710407960416080846339772207092237074432000000000000000000
[10,9] 1783506459874320527405537087806368444593198049191750869838913646005422526365881310649479620774905957350605806385799882450897189783024476963506542364634434432846160501922662329069725360687095210310390476203963199561603862929342464000000000000000
[10,10] 48829977679797397609425481720475493773969546953088739396743439838369271181811632434315036429348850237504846148878301298941666922851854090839845988354510115687552222238836632122363304083069995165864802962882918579896231852507136000000000000
[11,0] -46637850510716312163101275251667158152479834340023264141053657025813955947479422933198190290122932844194317388332864365372672556793622596091599790664770176032127737606519108566903139727276206323262078689358681603575481570389131264000000000000000000000000000000000000000
[11,1] 661431194316016145967699086600448270666546659371060564903282798183283840711127489879020161630799313068888738852989809803607749648613801138383168257161171289219268275917600682088589006776369321636967761237898048014880582109369466880000000000000000000000000000000000000
[11,2] -912018051767498704601297836787275266569843021905885248869069852960394378447402819012176204667954437401088330527649557378621432343151999508282200323534763492353761081980520690950949513144030760842627355898016667673964815634887868416000000000000000000000000000000000
[11,3] 561385140560334143359154814108302996760450165122727495118363332971388687749683258329996598007321806339908158457759856965278517617423555420782940855621096107165187817684597117839104562641826763147257372857829581552876572480267878400000000000000000000000000000000
[11,4] -312867889114886369540213205019850438737057662406779716790219055358684258607615053552736115295675481286738714669623581607296857852946603151073397980272669391014726415610757960990440362321566339706568364594084952164653792595120488448000000000000000000000000000
[11,5] 182262451902960550580290239195653360464852692887423494142937365642303164706396761747787925738182612098310558545363048435227282637751133577626324333593189965231581858073920255724567703344548674580210793906408949452135657677061619712000000000000000000000000
[11,6] -72613795239245002319594517205688347500673469299166081691892055754155181787855670684142898596883040998288527254928697467278506041112515371842302571331915270747659564066704175459454153130109056724905957429810897325377608989135601664000000000000000000000
[11,7] 14554409718155530590251401057496552687445958783494014522486737723745922802465442865671343374365392532952623136716058509218802635224209701117745452502879331425060064131201636479509799727011401806686675435551193688128145583996141568000000000000000000
[11,8] -1130114481581048216975111109486172875016204078008621979280572362208213600273657139374870825550229502650630026941347317169990568768857202444393880549452380639761289720007421667565757765441109250117366362384145093990979376299114496000000000000000
[11,9] -8391401407027755736524168212348182965449442805320747938594373838814485565843965773151586004512361164635842020682294819501194864905228509257736001346787218461347833512635180334880284020079022463226919193607993716374067015057408000000000000
[11,10] 4123363251093759606079271723407090030200745297144454901333469237897923339634487436247582897804234045223020346640494763448751204122750577217855424531177605268781348247597627189256680090496351743572218814894928165422560639451136000000000
[11,11] -143356694537093077316718314868538188313093608877700926084873632968702662002439738824585702352439938105218850833795079379172429431853368904276126879418639524135451300211887530539480770644563217415332726009941190620085844180992000000
[12,0] 1000525222300822530817316629052217409220007405782403460672400884417395086436323357749469158863988660776806800563512281865878006445231506704681648946562227733976488287522174063502475653142052241862051744195841453268581715967737856000000000000000000000000000000000000
[12,1] -1872259195192145250573232232261968784405882451467383174049188379232509222641657372628536811514353906023209080420777317100837692311049411389795675814085907699302364641287375297463696050412746984083316461875312481626485795860774912000000000000000000000000000000000
[12,2] 2986462504921973381217749445981395532397603321395248532059784855387061589297343120480801015495086091676136997082775985351337803253217585475126027115006234729654982943768474347203063354827371722479042729849612853500425206537125888000000000000000000000000000000
[12,3] -3171542676109373956175630723379928166146434787121790456608725308617200114244646819564941537278304323059217774124468737946912049800410321724317479494140542434031381489511924506507752017334148153517985337513633932769626527767724032000000000000000000000000000
[12,4] 1436477111835244151715530973584252794889142194012806244266057570455890547099545977059477755220736288138060779774042993133131301043537263149678997398194305868685391626098152462111076032735394525181205934574975508352248788987936768000000000000000000000000
[12,5] -174668547609749993894023321437708237323438334428734345413201580455787905131508944267749148170363531666819485466220581664731205204462222123032634259368162932972032297502532650455241870495957456549842693541729232706308417966309376000000000000000000000
[12,6] 70655604464472559875175394060236339186719587564084573389037356316442113894069923062524268307994311215631684910708083378907014452094106428286262269770767853810607074354574636098014797971211519735209363056459782001790228598095872000000000000000000
[12,7] -70430731344312690823527053247309474737394281472735026821942235352698915374552958515978588168921569340059741512271218345688218076097063685578357959086461768415322040056922594179067696009736488859263188369430575458346995130826752000000000000000
[12,8] 21791863720908533778933380624425649148086724656691347232165365767966202361119094981687032251200294467250287126944225229788865170150173530114069570153770731917744528675635940377556421203357266617675619327259635091650346590666752000000000000
[12,9] -2385212177323669894386232848166230868418699324407574357217064451556862165315713351260206774345423975962349751511616574210446042318408367885375996984093684934507307584342922942493464436322814575665673490236879955583840701906944000000000
[12,10] 80704350802990193937407977990073302009579527639852573031586348358863682585131621300525083491192378986452645351935175303875969013695151056244933878032681074459911958106101901308175289573678810327461130396681497249902674051072000000
[12,11] -397142283314321221191088762627537767466101692301764155938833756770863406842922155152093008743139009839028106261885840542874605265368743993536230999906772310783571160166784022421416799283905995319809535656424888921120129024000
[12,12] 2821039228606900255235135054535475558450572994864497105005890834637952582539817153553126515472242952290258688631344409655747233325421579009403383301179190331427845407630522425735279829637411268688805923487043496289024796
[13,0] -22990329621475356780311934241477194475170857732396117422276390954796322198278602182639162746874364636806615813838147700426537598923460500323883609929955972392227708178081577603830653964227972061016018016766609557796706844672000000000000000000000000000000000
[13,1] 2750649861010742463674937086192880831641743654001352567876925581374162053604557596319462432160362938015942461809789283878550716531536684864238586988029699730886690006777535142195475472583867424703626375282844939676932395499520000000000000000000000000000000
[13,2] -5446553817404036814090471428212318948580957000465095179828382705367402893759215646578027778242839905175020213143845376786213691272910937330774627576686862506300053591556571636160746211818689184933131058935510971399195693416448000000000000000000000000000
[13,3] 5171569506608441256796989022750473095723378493031374927605805608462663563148051295353478687001101499610483520271648078676588742462762473288201733105725835018425304695636988948933508732142546402859581782542449917516086522150912000000000000000000000000
[13,4] -3185850832151636087688511465152874269737022880341547372591231522115385758842485484908511368400458367400620670873387394598366635870449218078628873216549340400427701421985458925175095285745757669985409034748788222413309376200704000000000000000000000
[13,5] 1400134856555295296202236528213342299062742891438510046222348966398744790178029751872503537678250719877616691345387413840608368828877955626551754364728071816278355305525693436028485464170643200054089538310598562357045612249088000000000000000000
[13,6] -237329308692715707869915035067611973184858052999459826955464561312539808453106084779003782450416227312389425239067852014580983971428642218624296324180005087046994106014733708418022760532667977219493103821739603229099539038208000000000000000
[13,7] -118088701053783525242594041851797470420788395899456124632117650138306079334078196032456868901503315013722374098075084709151979693990478234072628491744816480465258386230580092774003848033944401809244055610934265101624419549184000000000000
[13,8] 35509204336758364847421188200902672611073655371809527215736755528544944352177957578997716131621600322678325372774928511137752947445757696301792345474281697680627110253017175121954089565229024446132748297889772368138751442944000000000
[13,9] -916468138423223169569639802463507067304040033576942522828996768692006679289911631235061744921710114485281870928332288090041757468326300605581330510057214442645260336361045994596203861788258804752841328119403444870666256384000000
[13,10] -74930627816753421564162045547169637680363132507251502156808541783177082292965129769078113607234654515913287013012247714395356417812049499315855232477994986386384818920639141087206458717924479693246362639765510544814309376000
[13,11] 218462464488946006500694760594363601165722144030690918984403577713774845795564451004521377357371901456880972018657314211893944497507619817721587091695437965322166801135277195978446290739370860620439053939124464769092464
[13,12] 3927488889074742949715588282033708807805574535309182733765416552538688846508000571272893498050232672773076302052864673553747400454580643743159456921834334371733114190351378783676390365686616171452380546286195678912
[13,13] -1331613326970769922601937044403235155279111137912010397958453205760759367036784298518497759273711647021489103091015534310319219803033193115169064117319908071318956646937496753179602910731649439150811130772984
[14,0] 1062279257009095987693546452077170007475227227829136495711884103591909930049864422088070292418442651466914848377059771648172867026282539086870507841223212349652512133711945259925991412764216798627717411026836635959427072000000000000000000000000000000
[14,1] -59820808030983779578731318078126195886771305910051499994669822344667316642144878854469661757257055944622125697103579870005847472313028384662447678677672719440171842297826181187542376467714291804193580594761661457786470400000000000000000000000000000
[14,2] 2080966539044669354279547744691285341828540585625844034516423085515987908423766947521136451328376339344469789768140516204809612271108472902315757971920512582256935625766688560258121498209678510973693798357698946010445774848000000000000000000000000
[14,3] -3717173408567351931669982245190079988307384772579948182138496457464930927514138203776320021441297693915442418417959458071863763582789330839639112521360135361796694674633870980262020757136406451474775206637071876228850384896000000000000000000000
[14,4] 3382310628523398763433860563634787833817145606969611583911345384664282392926430698223260522031295524388062800217128751234389651623604417801808245942057822039201284144264684612792340227916773670467756417227222252543532859392000000000000000000
[14,5] -1565007398927875268218027745649068266044476785835124491163140656328489021894880049021106033384585979430110112405275796973501916103441114091464515546348027943124104967961445631495266160717732799673224165282817006411198758912000000000000000
[14,6] 222898516305169955078653695014353049333123425232702687721342675358512925609182971452481349287770418400538281492957216156875992550492868600531510883030187688553856966360584470664460840381632845481724544604392054473877356544000000000000
[14,7] -1918837687886549660217326209879584500174320026907662546337160953285989625510043696207415420945605982180409001073972089603723195802976323517042836515884294955832721244293179104498115502921759450644781906381310713411928064000000000
[14,8] 18872763516855551385927448286737668978313294102777046586150739195728894846466283031745440483386988019985567355871481325210953101815248268022158999956129750340501738002672423881221014923387881048690860675413435258320715776000000
[14,9] 1529885797129307784255372181028188986714792682929247269785905804564905014754241752663334140840807618869395882916467021668089078763511712557648752632881109514152572219286600901300828173662768766692472660209346618073907200000
[14,10] 30578860317010907969279754299975698586429962666431924893006652635879501017578606971748149129437668961852835346072173219616176664622730521727684398180970180742173386326919877563644742890612468272575368119647580894095656
[14,11] 125807841082286335713659771245120474438600187763754402900152516796599639764116651508088336000286819794486127861062908724565001123006971245684773793613883959849438977807821792228087310830706320695012568628263455520
[14,12] 659937830804785845606226203691261047090509998500537708253280163518324583103161550714596978875606245995622290468228223475414703010019171623595405010598707841916695061830477779784607228511261974462274775582608
[14,13] -1868951075431652194414502131062094253391766209081684774043471558982424223869698941626473159934309345860949844262641384601733647688526048681514228177631374517076495520606471971227065740532896819560654240
[14,14] 633957795739070184596624710059675286538353185620713257551757415353252943064969686944673768259568355954681405924544639032365391673321581679241075888117590082752365216902846480207363251992242138698
[15,0] -14021629205067191297509801072140939244419873359371093770400223116699788302562335294890827664993251489830773557002988250866316927003356871264699427639877616456084896319083631026587158235274170931236810735786850779136000000000000000000000000000
[15,1] -5249825530369022252286143178438410723331793886055351331719435295040882691503051597776011442647235936037104214189564401291521163774164475759749108090905234234042845556832489427700569724506708804164679979003103116525568000000000000000000000000
[15,2] 24839398853822673275645085523873210942397640973988161177171270595049583787693932360924314043247563758428587770674702442865850134478254958265264430087384385259617441415120564489774898827304477840810917968903495258996736000000000000000000000
[15,3] 246428802164436494229696981383327208678130165780487090637229855390700312450384869750106074687945366791052966707932086797181232700284631153022304394194691491404400305377853240155206403526003979084165591209604683092983808000000000000000000
[15,4] -239651830232277646744488885040278005883842100826297309630028003476679902650101184110699964018698188279815668763909795812994515064262203106732953444713128994143562918608200916448670673948820428959939719199888148568997888000000000000000
[15,5] -65153225442762735347969803627096828505492318665551572860776099379874778096704009327552566901676645237338695983035297696546832172048359432988364377392863440674732204172848382248266578731779944869389593120937982038114304000000000000
[15,6] 66202291140065230376248974329180036038032817112083955535393975512226243929312543045620479941094285547010861662520672147076555051700244398124091739940225907091260635534787092200042016936448171134536734402825647107866624000000000
[15,7] -2445425849638387915327452700494110652974575035657391091915639670375666485738036561237282580823116479138479125044424037327917811094070752970845850417542213642134644042964737277093797838398424215775906941856572524986368000000
[15,8] -517031667091009581399233250810561253218878096759459763678279063986258742013972287388414108075226193052077290371539787127248643316791159213398153376278814197199384267541591734716213778490492144420134639906466540109824000
[15,9] 1897039514312304395548866895275752246724485574754303445820908878858684840859115648349251388678859750018118774888544688245073925097474253626665767784695766958289829473218228408290288075408396760373049285977273653904
[15,10] 469009394891776694860879518604662469712649675622671935938318909922118321987926323563447069157164823308369917641309960937263331295674426488562922060445505053089828926909433493254445785048811937028489385958524320
[15,11] 5828144934793537598103586760840835706993554882969737359917664686769190381231145347726287259055205444590995977388281829169881791760750104372850847312357168466287871265513911797891464478815576584126944413364
[15,12] -47843785297763465720654990533422990965432389614824748310179008619869198373184819329832768175086069320298471308904153776834589193311670656151610658643137280598459878050334910473298064496036010523872320
[15,13] -87104482824555203488912793998611886708694100613332440720522144207920711923130408175667204489823212370930990193215623463341823683557194936420816076984256470129788758142456324767553889707094866104
[15,14] 130267789549412992440024796979488202805858557611952882892186540266966531700172968143991849081624027864190315469571278276297658426033876441942882831232491492977147727878633692446319970382192
[15,15] -44622319037220721531333062062649558264462398026475491836627197345871479529513322560691499643468150095808562015789341217000856835441565251910310497896651704093729277176258786959671706
[16,0] 313834667476315541074611653080353992466155862809474381596837089394914217608935670490997261862485668470753923305782220908534444316682463053417903222624059784413875194114275800931367634131682145039178878087593984000000000000000000000000
[16,1] 34583527066327282633247590421970663063614915238034211778917395590478397570226890154939144715852856385194433036962886512892489260854177547364712103275522824217024696619072664819357913073894073741594672828191342592000000000000000000000
[16,2] 933981144226292343775375554803866001786241700692151817914647414611443762948627210584005349128618742712503282046238339181639937896109395015464847170975960599246754737587508720949283924035746088108712658945437597696000000000000000000
[16,3] 861864248520876859208646936136174563432539142072934337572119514367347239315959308789529938132495146114713550849096603922803766987591852150131558320663269357414039121160813750745033588442268218233908938959403089920000000000000000
[16,4] 2468545473527919207416761520547714437693028751763771450697004323473773639387716916213391413066181673831685784229471571824263425973208812383545301005986693706198218197894772083360957119127117763715965615736839208960000000000000
[16,5] -360166785431484421863570037380437754015477055253479602966684837930259290389221131415288822513890888813410047434867022211918384197982655401361829353650634005591531947175210774225542437649210198137271188082315493376000000000
[16,6] 372138952573199720032038180027388763513061533322522328651664229373099221074587334855688258795621542249469108580070856083303456271669867194761001673593626408580145344930090447973545739585099220473791586072570888192000000
[16,7] -68451671669874623522943194772595661744032451827128887761566635180669967087612779488621114964334801109551823190526466428805524594092596673562325884180457171982952718848008848236621571215189610316835778662986489856000
[16,8] 8297461055448824807785331844357792188558121366090301532909074564194111303583660070723998055174257976743018653877141730239276617600882332986117945262201675271834216074039586917927136645221971881768982559639283951
[16,9] -439823890540452225170381253113694454796897655734305914426827497508812699894866505244523884740895596148685344665492486957345252270646605307192723029214787085019290820006401676632044877828767170835888621233280
[16,10] 8351668018397544042666866651988805338726925497121507584866070135666871495697195684028251285956100993586228014118147071439277488301384566561784456316246546635318675841589421859250357344708859550997639904
[16,11] -54954935272064386947434176758905273170280150498991588758313624386034423455963022774849541523685774284795037599250701936223254789796881242768691388567123147063607309205741517134897632630064029618176
[16,12] 347613656522749547915211150701884391933624616752268714444976742653538298117497668972003326157072495639776069122795175913907284591430331281064066291682022483450015411880769338343282003224867960
[16,13] 4466788060584256529968047256669537912577252466941139268819305516898458418918109947902144348375354958220219311315554614518416158133691018769504848721821809685795072159441255876519844094624
[16,14] 5521921124768621587648799332858704959576914503676235525574590488014790033465169328535232033203245730553576430584968905561075247685027864075941516548583854312728967463417199364825024
[16,15] 476474464992974355034341380294614150950426557083529377394216032907608179962117685442403297085855829709905687757734906832800504162608780128397015349958216173433584842347654400
[16,16] 2437911917957137270994735148937878849231063845834240552797696195669898769729043109222267033770791243596895915153737516019085787287721623798296743431155776373654371722
[17,0] -2004793488472847504064614425331701355996692047853442332172098433730816627924334820363379561435024982229145481334304709929367453228380073765943380327444581685743765642159302711881398650468219626125954908160000000000000000000000
[17,1] 272734723178143376579340265559221600918190878430951763322337787712525684643733970147876917772779709838688512712183783594349694377768475591424533104152786725570303945620941313342918272460936073978137836257280000000000000000000
[17,2] 346050208594357166260972561744696047386389873534553592534963102644171546517671179580870786817878333145585050352287207292269704816129356504050466608510264861595980021601961423597149050349751602308061843161088000000000000000
[17,3] -1121203728280547029242215487219816343606627506037472180817308500412620205109303106900811560019012705497124363114594907218087237774264233910103774133079841415120999287455639899007248541008158828532365696958464000000000000
[17,4] 432747392836632676840615446634949071678754223118572403034654595733588592382456959170468660856224169098145565618700877578843906160844873199831675634553292153394264822070562335923968819380426723435095462510592000000000
[17,5] 144234123756391259387149006664269663402688398740610730323330175404887205987234150604903471440702206092098146759070704810837440238547897545889915911020089245796539998948127382535140266042481618706860578177024000000
[17,6] -68349092069221649450825023376279487378166414160834244119419228241120264729178283253363331832780246730340029101041431814401821195224141522042227532585565172933710384532831763543221054879463186071971490021376000
[17,7] -871783755040292424171480450879159562288998990179283652091694474532920417608455389998254543567427466982182918853580550471252051178315145354688514293606900770566130220249835800815497123332900529620567206136
[17,8] 634604168563568010755092413139960409939014382294817829068357009899573452943897455149203435995160168606169001294850149511254014677268153327888261783975024723187606044617109762131466986540748810950291328
[17,9] 196350937091137409060294642371016434235860522233235301504983355008410902620181162267822314560463020011020317224605633337792872058433097691828948290030561910378330942126184526837203561123382141968
[17,10] 2285133655422267679851923926970091877047888747658584138538715820386186417449375672092999827938751009958032391610510236878826675228661193172597603029440039634593655689010435734838956983756818880
[17,11] -172372078334056953365185183330685261585385419039768773542993798921366491153248016720235932751268968695243212182936440716608542245364948665778506904651975713576816031339409520899543861297056
[17,12] 2872626550261827578359475606596269688203398710357446658051385419495895013245676408348926740548998979172027296742641063381179513523373317833585550271696492924904161354756498594637597472
[17,13] -7740611057733139434154640637836527034575096431179063077702662688674020530049151182321985739749236051914901025628802635236054221557942181807178643974073694669562303104231593445028
[17,14] 2890995404298192654612026071419657718514421477259882999836760463842466023723825516094540228703677866057019078419023527277466835644552754361830825505381394768344418265397888
[17,15] -127867827599721361536097701483856245917027140481040635171607222263630206229557720945425626276365411314059930225724875725678681445817662070721126470598425959126438592
[17,16] 531888105617473120948900605257107660892304271997802318299594537606692010362014524182581595036439463225109497767370223720493671370286059839537997336703601344
[17,17] -147574533944784987825965121961582411694072394701577578577431778968300881192645232676997889337828556401291613149195769772321317450599811879836972552
[18,0] 25796644923650216514370012699641461021550359583810843772208087482869888566230349750953557957862497723303678494007236235236430643415087706803519605651407873806845822051806038829524289594892123612643328000000000000000000
[18,1] -54329443288195570025687586438159933424866961995018533267912913886677937878978109004784527620719324878893931629112985732970923264002995051688210546746744545732818697635418320291599301197600578015854592000000000000000
[18,2] 46368592715001485205721587104494059071733370997084111410308386740244110533951637066521892943117545600875481697271468276304871335994090722120417002078320181568393075356774194797206773374643206304563200000000000000
[18,3] -20708674434076626612981314113511400675921320616164470425018227566054323022869647743705584191893496970846069721570521175655268842243618165459929136669481972366403458833633392819691951010792005909348352000000000
[18,4] 5236137394419348107140430289996359793561786145784923240357648421889180095455508195146918865514930755683267759886770279706095791597080249318903989801887305020859225860048280189462588511079472302129152000000
[18,5] -786663722151508260508578554248735240580934902095305905295037643802232430584543761881139204487655283032254106311767263046878978348299093136153008412400383983246579074736893601868986481477386959519744000
[18,6] 105794572312049092310922411257216142926627792516319276891218314217591788532823342902983059488809066281105522365502679533113785006185341191186747489372533392898014868680291142498107507399511527719876
[18,7] -19397198831626475841327198734542465328927080790249643405324061075642544476789872379642401164844860462187301884651303400491812866349878861982170725923958096017858175897734239505800552411214873712
[18,8] -6675792853145251546881747875609405514823931228279361613223462798320328393141863412866762521416551508668761932305598176941841273538425208538214300545449362908234979129925722677089033453974176
[18,9] 3133573160541176136546125330502066766845144999150787337773538491433316400928558952392131042161844186413089260959165390825835765190918719066763256765590709930242401388469064348073551762880
[18,10] 393294961767492731750206799235360017739292307347009170429503512439102617518688649511990675128668859881276014809255439184440143223189976799613563151885251471431902151298060329095849348
[18,11] 8853823642399764566791508635846502029233502799729687752369703148958121853351067761143951763999855552475705863369745889298230341328078610297452655915083114230573476372069380577696
[18,12] 45632410037619919864598229888931944734831503307059699071672397220622228400529410569411235272255782621705478244341021838090520850093316520577335625421179020663136648407190352
[18,13] 52956683758555074067579683555246858711687397693211805527995602036454145831950944180686325338118133414437804886926219585536770122249884991212027538831830308697531877696
[18,14] 12520917462066562191239919240683567700444829861112848008966729582883498024479696651131669759235747398113685429898074594030514340422800629297937970467115236113944
[18,15] 513519812392281423412781908223464747507147614503251963143304361588388621472182005157979073067790658396448088364898633640434754875297627549949980356837184
[18,16] 2900941176221684600907753347342908505199159036754402786581890837535173548077816506575536174269421360634463364460062166011485282265536288520289512
[18,17] 1624698081432139313324025211135575618203164908064325006733051082839374645556507570907504730780982146962389424905047423110856229400846128
[18,18] 55594991184139140659167120782046472903796635648794176922445909670445265466071669160481442335498929953729707040236871905276775
[19,0] 59027475800850354105672450348853054892743939216308598659007842800505903203750693325931512377298864626166879073812002285549937862546075796633637291239856160574508299166511015633077927936000000000000000
[19,1] -22455409189710269258469417246949441346930755829357748666239625628200637005959572458551797151700101653879459575368618675337558726982155909904954671138074340012825635004072974687132543090688000000000000
[19,2] 376087823568096172867124083963862973099715584121406140970020273375973540053917685112323817498645942769726930331144776158865067790308638212165570619456316979656377868306480871323487774441472000000000
[19,3] -1502777044135761390133799003256012616982389892514205777533934652594910635189636785747519263305652290193534002588299595563616962078512208272852431944033926865936742358482333372060930238578688000000
[19,4] 2410856068584313048677588715537820894185702180133830034876574627793028523887980817470734458587450133849619440884633027959669876067099481989394128077410164434027171544402318616811652657766400000
[19,5] -1903712284338205304084868636104699212749163500068501125460174007310766690692647747614299123507682481336830967083083272565362265468030476461966947553608541428828555724595890374965359480466696
[19,6] 795469283477428787174593127133065950606737328583919924178748910120640865105211974101748421784275216908827598970385186399970646508186132447458538598142057788624567372058054307279094479440
[19,7] -176275954431560583995141527708115382456033951790951851226247324979376925644647231882720116194308056700403484198067192237932241603575312025255695832568503527198971180247640488281766334
[19,8] 19789661186112349365529979824714223440186548615301753034615666799037119458619635861361514169299576163563334005972235539230534919099139345909127896816331063352475118776604117146880
[19,9] -1042133908283221575079189979644491445016542188214390088623183544015955677864457071625163786700510523187039676629376753499969182454726410357354805629821941726414326199309552576
[19,10] 23527992900497545210983731350765585575426041389700043114418695132493068717986700486668851422084885976285612252742878466384238389835444331390237312994459022821155990881952
[19,11] -207747306136707380030411562168493082990189999811427245089040403738696169301383700333200629026553952992756239050109325801891365633088096636268610849774965676428989932
[19,12] 652748188206453155400418286857389590007460267564454684140610526270575124585222534271812728871387449685774813533084732966347983283576747493828700109969728662880
[19,13] -656910789003349422601584681652453515221376293765544954737354854795422902237938219848790906756647524954459840153115647812661010229745536519018935360231432
[19,14] 186459948987600723739707682548969762324077214264434565193732871943522205108759915794113582433042515440513705868695858541605906432735462841233554240
[19,15] -12686132264747940171765648579014383356509731508249551028442300450991292883208585658539396514787706517991065533372041334340815631751640883544
[19,16] 166579603923733171969935384427593915620030188898229347074526774246100145125359123263333910545956519544094226936430155310369803243552
[19,17] -312843057978673389170123054200539805105852518864639118524103002309398269418075097815155095734444148448066948721441214705972
[19,18] 54479829536691845609624189274379924202667287320391073789319109072030727895254100835288270873022570032055382434360
[19,19] -450156114691068274372533836792833722400220762486852720032877835923284266735533659120253092253040893921
[20,0] 45021912855422863586694522417504931683251369607318463746857838059876141043429048664580184609711168228527529414957821934018994102621413149427438592644595775618703245180928000000000000
[20,1] 19527394074610045560347035535261753784535960928447778908303152958057300608972412022417376868103638037639161858566715292030088873788602924200348914366999891408975999277203456000000000
[20,2] 466621788232391022631755603595428472449512734310946192480161947758061412242630193278281538315239358228838841298498250379547208660713012965861770254797351092063766080277970944000000
[20,3] 2627602202672044437564426277675374383674740886601111486288966391777434455769163731080568599618119791600767617477962854797572017419665694835091427837869803123732480094655504384000
[20,4] 5220582558031233678476342695056911754751878622519337002310909710816148230693295029257898908524525637276381956773762555481912798641966842812914440086785190262148528679045463426
[20,5] 4387525757434024889891844366280183841670250310030597024122101061669268191734568611695854514895409473933472730648377982387874735497124674175587304173633980448541604655633440
[20,6] 1711787515643789135691851918593864277070023962171196037517602025557811318955738809896309485969242193167677575069893200292387058116458118432302941179374307152704738935608
[20,7] 324898528666246720742476455154771247209916026608377846566346933243504138226087510300538176418875146767508410192720160644900915645722647138873616022169813530638612960
[20,8] 30537135132930155262497762586191417030050984248177065079981197485675568717436107937699068313958207397103314094685371476395880902512288433487598025184081703581128
[20,9] 1416182385576753220454157326947683042852822397370225886193681738158349836768511958228794602868756442838815607682586354859278020302737398593746148142049065440
[20,10] 31710016152833868294912515273496494709064655907917712934497755126353957478377216037286266439752654976940888826639770822745614257061496738348574285233232
[20,11] 329712493940236921226663479397438958821444439525034554761249903073539261917223293896486530910351192460099808325754611410629782110426022641527552736
[20,12] 1503378219042486584555109477439724906220024533306727556148058634468473697780297428211394664305322468481523480506132696354125878864040562127319
[20,13] 2779521922535438257510503935192925760377480569464023614157851186099704975806011378711758536749814599170739685957551992684565137705875120
[20,14] 1877060106330322145774580567055918685025018213400751515230955166886799182626110433276550304510048754195198146569294585108158973512
[20,15] 402971796136430722377598074276608866431533151364853929056809296975353590636236894065995229638110219314503241420839132999904
[20,16] 22808246036121946239688413174560990359923468699886789532811144329025423124733412018434521246288510133616097678989096
[20,17] 262689686676818298681898891492145655548430501598181677467547734503516871412677604691455811099171355275006240
[20,18] 423688764949868230148974970977944160005429904662530857328885482687166399214913485240622923718288752
[20,19] 54212639352534125667839935654975023901427153425781312851291538409322169020098287260159968
[20,20] 214607204110709227184123162743175915576522648367155658740527791085873827424885
[21,0] 11446492273981781701679216914373572198295134537045617369501733859911121084004092731478157311217420338456457856969078213628554624688225347072216708631494656000000000
[21,1] -36160608186837535221555461312596344192830617829815545931768783350075357921645511171455159727222441037871306941126828157941212928698317125776351031105421312000000
[21,2] 49749226872362172170875744587283237324772342138277165874578718301878163644157576516354338075789830502793154048936443123852652008166695959320002415687499776000
[21,3] -39184087317147088233878820787305921279834047954051692439917843572336321377011945861164031474050744269751841699576728608709804377401834737194772718489588456
[21,4] 19549881132540784141612187163615660115540488294008551838614731995338958123507938942198195145738332044936271701933649327242220139905438197373490254340640
[21,5] -6462687557072369655583814861661683641610381852709806504630699889906375003471794929341355125519969471733297520068985508373283098828266829768853592852
[21,6] 1440687628439783507545837852250945669233151881869034254879653138001887355294367890391812950355091486379340721921741951625263448999134583694600208
[21,7] -216702786405615900404850209097692184059366650695677775197894770031354804740523925447915636484366298601748831411445866688105710082633261548668
[21,8] 21724919957810618762772709983078761737965463491215455899243325144732249332443118529904791818816154643156768992598633189194895700141514848
[21,9] -1417799055545362091105002787881077886597744866477449264212855040489757141796479156556812864313888137189250958407684043841221656786524
[21,10] 58185699348861243109626700650271971242863738633466443633572162093048129287611990197599570615617726068374087866760765980905831360
[21,11] -1433861354335544089241018469307952777298050959281605845764709982967459348825771199335911820548375220733233346534380123922848
[21,12] 19998672268988714042936958515653534344924759119185555905074341898678273305192830485555453397750099145457408949366840112
[21,13] -146540057298990647020036625488209053920571367503690696775755460846947913326602643651221444387251483112920631683654
[21,14] 513651779618227491312013399715887824967600681193462002107093143995420951526367457642335450436699996912830000
[21,15] -764230078305171359900029891327185677564284335115845511977785403318349340502494660646917687948699423388
[21,16] 412746957204200311288476974253974446973100862088585795259003616457980426618972936800413895448992
[21,17] -65424829298424112202783951337377681053011578253991400844700123122320247591881572648196100
[21,18] 2246620917597861666267333743927791052299242334371716773147986243574510535970105600
[21,19] -10531860784132862211940014576084813790838102320344914384686153889865776400
[21,20] 3030209957291589204545863432995887264006234287012199122987349040
[21,21] -14175202852006521677492525635533005065008369224756614
[22,0] 15237119293164911599400763983426893818818446130661027462479217529097829885005712655463435767906975088640000000
[22,1] 163496289460899837582166815535905581660152610112171581884260450276897035910572732744727866960661930604118016000
[22,2] 81025656294483192882376692422445726288324138969643907922114839431413523019224007787603890629420653532983037716
[22,3] 8733492908678487286401152775450699675821615641312540594813828347172711932745482698790056061530405373221972112
[22,4] 324444330547331729854398960697332982602114189226566978936109885793489036371836921420710645961404359813526776
[22,5] 5193072614768628766628510386539539709324175113301809192849427182024735503888673797708823943157779197638160
[22,6] 40716653164217663217006015113499631671078737504972652928943971111402547976387849441324692637129726400791
[22,7] 169353618284579106464956187148348710066209656295482041452488854280003749114227987564248623548123144680
[22,8] 393061235292093479011260848552343948187798724448235537271765306105603860630039988679186543088609440
[22,9] 525037642527531659071177398621829693601868109316634283113585632765034996617432108085489445764480
[22,10] 410150154111534310034690035227157612975265775201083582380525377822401327717028919709416617228
[22,11] 188019475104555483229203238819884897371660127902400530086279746059920222018421457346037904
[22,12] 50148072624391549868180468435620730794886784311701679440544149356883285775414690046696
[22,13] 7618082655531000883827267103649643460889125725259866956574449806020529459580931824
[22,14] 635614088511750426373014397095450104268757928735720498774609268338448825769113
[22,15] 27547318028170118395737379300855787060067400627802463260723790663092173416
[22,16] 570829998494752650733906441314619642330480870946577861075847009658688
[22,17] 4998204807148679113282938278433789164771713071727331046072898368
[22,18] 15306331725719564558333067402285375187201957286287936860504
[22,19] 12100125591140386683690837885363567159446522463718448
[22,20] 1458508257172836313738980054964174152811282848
[22,21] 9480357754781758323667979296828177440
[22,22] 229333958178555201658457316
[23,0] 6761017518058560303392994598741934649661762713575424000
[23,1] -76132084898512538268443840599977763810334593131271372056
[23,2] 45954874534338771866475905247648097856384137012620816592
[23,3] -7052393782054942412871555266036453848830103970754098934
[23,4] 439019537823587899496497186310272750059566795737116000
[23,5] -13957719518097236471645525556138568582899341336967020
[23,6] 259720724119905397160583916836141195215779734946920
[23,7] -3091556070148359855967005094432563904556751084615
[23,8] 25036781751257162349751327154791772747428130240
[23,9] -144194848221364196420306510346531376897455960
[23,10] 610130343449320528167335626228586923933776
[23,11] -1942865521848823193318428749611685298166
[23,12] 4738491895055475475400420407734955872
[23,13] -8961136986425396506850311710254796
[23,14] 13242904273378648361329133308840
[23,15] -15346930478684369730354320247
[23,16] 13934933481626939944756032
[23,17] -9856457681231624449544
[23,18] 5366299789652058864
[23,19] -2203057427174130
[23,20] 659096015776
[23,21] -135516276
[23,22] 17112
[23,23] -1
[24,0] 1
