[1,1] 1221349308261453750252370983314569119494710493184000000000000000000
[2,0] 1464765079488386840337633731737402825128271675392000000000000000000
[2,1] -838538082798149465723818021032241603179964268544000000000000000
[2,2] -46666007311089950798495647194817495401448341504000000000000
[3,0] 13483958224762213714698012883865296529472356352000000000000000
[3,1] -129686683986501811181602978946723823397619367936000000000000
[3,2] 72269669689202948469186346100000679630099972096000000000
[3,3] -5397554444336630396660447092290576395211374592000000
[4,0] 41375720005635744770247248526572116368162816000000000000
[4,1] 553293497305121712634517214392820316998991872000000000
[4,2] 308718989330868920558541707287296140145328128000000
[4,3] 17972351380696034759035751584170427941396480000
[4,4] 88037255060655710247136461896264828390470
[5,0] 42320664241971721884753245384947305283584000000000
[5,1] -40689839325168186578698294668599003971584000000
[5,2] 11269804827778129625111322263056523132928000
[5,3] -901645312135695263877115693740562092344
[5,4] 14066810691825882583305340438456800
[5,5] -18300817137706889881369818348
[6,0] 3643255017844740441130401792000000
[6,1] 1038063543615451121419229773824000
[6,2] 10685207605419433304631062899228
[6,3] 16125487429368412743622133040
[6,4] 4460942463213898353207432
[6,5] 177089350028475373552
[6,6] 312598931380281
[7,0] 104545516658688000
[7,1] -34993297342013192
[7,2] 720168419610864
[7,3] -4079701128594
[7,4] 9437674400
[7,5] -10246068
[7,6] 5208
[7,7] -1
[8,0] 1
