[1,1] -33905309938808933226695939390198532869912468194279700917160273935527359588865865248595689625551089671051614879744000000000000000000000000000000000000
[2,0] 147213371414156573713539483874043827500390696883068187579053600467101994104225901089258359895920442702174699388928000000000000000000000000000000000000
[2,1] -37066027755072565194081927511328660876696510055655033788696425898925604370808677258232777955584843608603884519424000000000000000000000000000000000
[2,2] 26281453854686565480854489645262487309390226496990889730097271768767754182467308700379350639320763133343165317120000000000000000000000000000000
[3,0] 22236398027215399937779019690353966999876882002081199329677306063131993047041542443852802352851578390365960404992000000000000000000000000000000000
[3,1] -185232507560749354757488264428490031076630581809117895374513401195331750782161966573976898709883093065359517810688000000000000000000000000000000
[3,2] 60459932962707148685750780439295720777105469153376987257360608129644675668266607620124314344109550426506206904320000000000000000000000000000
[3,3] -4983534780898623837208148120899538170442693994917976285662769716226848993219053110271292940660067899070381817856000000000000000000000000
[4,0] 1885223597142817735215521923030446116923320678716240056759672332116990135924145606946025364033903751052868452352000000000000000000000000000000
[4,1] -4772454395099970588376889812892387899584728241524331459452038527296029061412099051047499510623295031345026170880000000000000000000000000000
[4,2] 58405353917014162404952148388731205467622015248477898593099624781969985828433123084038663979821981572463218130944000000000000000000000000
[4,3] -24885848452127894014624454936412695642180132782686131038890849143846266810389567025962091921161996214123131568128000000000000000000000
[4,4] 4081674117329728804489206772464831122415122070151308117835102044725072517715001683094459791402673386965744746496000000000000000000
[5,0] 95888722830042559821615002218841595211920062873311035820055532712656384110985948315484610123352758708871364608000000000000000000000000000
[5,1] 1617796325733693961426612991967106010346218233891170279500742895526209242404102299051177796077528512644260036608000000000000000000000000
[5,2] -5648591949659254685659692003344338379638954758557151198844390691020983772484333009507611037427149946420681768960000000000000000000000
[5,3] -941802378462465511244447050809161114536892868345640328360842000821724559505492381497133977607854427475915309056000000000000000000
[5,4] 828973674649555922651050874150305990627094598448649047796953362599591050742151260055665892525003926982843432960000000000000000
[5,5] 5627576194161215810088198676115700033241050131121473877965970475637724125302025889733550246015725064794669056000000000000
[6,0] 3268240030696916778423724456839641770009309037438345492166218927315814548015978322807870290034191070539022336000000000000000000000000
[6,1] 34208636313948962505255416382800378890590483698550917680568729071142350960549152337412536609529405160000847872000000000000000000000
[6,2] 175801761541721296614163144760797961999581545737966242399898402245904424096892942484369837626392492960431210496000000000000000000
[6,3] -17733806301048501011486217516580565338695560468655559232106708808776991496975958558628543386809658957681917952000000000000000
[6,4] 17722361050304472620163034691211680403065699682566045788144444570455590725483253301914282961928612252886237184000000000000
[6,5] -1410473999113376096921325206927033932443299808279922080543730137710923836158828899053966820213587545583255552000000000
[6,6] 21919503989502556482532977985659185423685666886088290313930781118854798926106308297736210617657464845238272000000
[7,0] 66829334150181693395733549605487911633242059793148257435222656254771339933627547003847032182942337299644416000000000000000000000
[7,1] -465337020884877935874185748520218965445631193822519111113045800260798180133962179115662432186399226106740736000000000000000000
[7,2] -226668496996199203777352229716417461096995804909768763297196647245168959821482189931394270493086737753964544000000000000000
[7,3] 303628396849623247388501617704769126069627806954925724909207701265590212162332663163323999037945093480775680000000000000
[7,4] -18313220589707554303919628836565371160582541687979396960418053123247399413186658869150749995799620001726464000000000
[7,5] -3702665127143760979998154278812085426166716114551745045128607584536820099329002243268464660519705479479296000000
[7,6] 187433051934148497537178792064160144226449743146562769523813325806108271927829978476604969216803944169472000
[7,7] -3539294606963747267479265746594748156709881306171284362655032102198235369837795589356541679185977279848
[8,0] 767013621315952423931475176267170123577142608595930709148835175130350223089832292329376203694232005771264000000000000000000
[8,1] -913844005726821508929480521086904504761295550807304466343649705885472617699094229816628221421776732684288000000000000000
[8,2] 367699880302507769522184906338576349930282889799687609612600740135262931410546189503475085055061919793152000000000000
[8,3] -62333021735677560171642749900635564915892941745383692317263013992372210489562891779314959788281383878656000000000
[8,4] -6095414391440954795178869663499425828291538452766653566256327921063584062137305104052711687223009869824000000
[8,5] 5757558921048446015266554919402344737333501100152974630225108131920384126722107536788649181513676013568000
[8,6] 415431723402642702720731130934926941857797474097020970018619513668017459051573659373309870938643397563
[8,7] 2155218753344782821853617766133779473725138989326106677408530224250256987904613455196577522696384
[8,8] 763629377534280239525001752797018342037897631130969295340196615666330614048031692849601680
[9,0] 132287948592242819730686388197721726586421046648941198415164132202495387061267918873489002706501632000000000000000
[9,1] -8674072694766581259832161984558424258242345509461562068916284333261672299485935075259027823494430720000000000000
[9,2] 25872463908449289016750628555567372710185328848483463083494077182570444339188517407317465229936295936000000000
[9,3] -20678078537212882761694153848026684161510425619867392882628417971589808513139875419201055859633291264000000
[9,4] 5716677920985743655201500120101677007190102608912515081206876829642793929337037298192242022307430400000
[9,5] -474980656775733704222417133934306465523573652393831168608700490473956434788522583600537536840594898
[9,6] 8968707059877929793953816639999625053085656781146444057912686388706404082753228694260847129920
[9,7] -28971833722004769608218351898602997023873718918496584569542741468721604925350565276800952
[9,8] 11510485988607799847944664306226745280653016997751179971212105953518910829665118960
[9,9] -344642844610887365333843812260789022299828714507153260278660403308943561718
[10,0] 7605348735017212625875837184978457615081634815943367015020891775626681233374752203029348352000000000000
[10,1] 618365025729687208026621844082518672586866478732183940869747889968364543178129991952544825344000000000
[10,2] 2678665736689769049900018109140598264035750069305308244518131035743577819824227828206936260608000000
[10,3] 2308916580373705363546321120346521865137649088713708960950564814885950596793631208268755124224000
[10,4] 539434066952838633601058314080351829728768185613881497302494155281483862817525900116623514601
[10,5] 36877562398966114743254895852508154513817343754571889820596205093997469123113726984508320
[10,6] 707602306954335961264387747392830714609124951294341249227988393380722334150416923424
[10,7] 3319074015126775003340627498451966608621776985617068464040481273875824853713440
[10,8] 2965269806029300518982153645576999878343315273199400249881587616072766840
[10,9] 333376714930461597630366410672145363642373801348744230962709165120
[10,10] 2303156526339236416244981158503557124969923397655602595936
[11,0] 145746271865985701303006968690727073623110154189151557978520314340489760352149438464000000000
[11,1] -260241334661897724169148477062778090370575619826743149104887568856318553170833833984000000
[11,2] 179312619437995268862785568892538140587316635932472934686318597956817819648897662976000
[11,3] -60259084880308652560754125957376955923094701831235097378932424092592846288059835756
[11,4] 10335702376336052876569385632176208762756384874046214470799722804104208232161120
[11,5] -874174690463455858478740034973677797874649720724911207202908349653368101836
[11,6] 33157532644992168541479115114277423707920632043639237944990254217082784
[11,7] -481806591005250661668209263946913789583739163176277250633369496316
[11,8] 2117324199178304244393290847066787694415213468957410146838208
[11,9] -1967575998834670421411906070499119710120923910594022072
[11,10] 214191411057420328765018422101187988893741675744
[11,11] -936062849021824119784660671862200161988
[12,0] 83084413350616406183495875982586495825900375128760385536000000
[12,1] 157870586217596053304332218736965888119051656824626442141696000
[12,2] 12893770087100209197778927627416397147602669299324665034127451
[12,3] 207577177886168263601723424708043354620195244558620874018272
[12,4] 1010922460622081033367079280521141037085193349093095277208
[12,5] 1787206767475651398304042906319887696372425891847417480
[12,6] 1234257162452453722866237618078783279952599399679176
[12,7] 333551826778342195432371586876023049547129080896
[12,8] 32988905472599070890328795217808043240900816
[12,9] 1017131468961830048705766611220442641072
[12,10] 7038227861570702862399825051262104
[12,11] 5339704017492387472276862944
[12,12] 63336131453282305176
[13,0] 15787756016985099663979167744000
[13,1] -32685702714621175092948209889806
[13,2] 3813066975450671721121304807712
[13,3] -117589277940072151921466095740
[13,4] 1508484527780717514871680200
[13,5] -9980376107988974265288009
[13,6] 38373375189621696878784
[13,7] -91944131414745883208
[13,8] 142727120530755696
[13,9] -145742356534710
[13,10] 97116140576
[13,11] -40616316
[13,12] 9672
[13,13] -1
[14,0] 1
