12 0 1
11 0 -5940
10 0 14701434
9 1 -139755
9 0 -19264518900
8 1 723797800
7 2 67496
8 0 13849401061815
7 1 -1327909897380
6 2 2291468355
5 3 -5346
7 0 -4875351166521000
6 1 1036871615940600
5 2 4231762569540
4 3 161201040
3 4 132
6 0 400050977713074380
5 1 -310557763459301490
4 2 755793774757450
3 3 -49836805205
2 4 468754
1 5 -1
5 0 122471154456433615800
4 1 17309546645642506200
3 2 6941543075967060
2 3 51801406800
1 4 3732
4 0 6513391734069824031615
3 1 -64815179429761398660
2 2 214437541826475
1 3 -4586706
3 0 104264884483130180036700
2 1 77380735840203400
1 2 2059075976
2 0 804140494949359194
1 1 -253478654715
1 0 2067305393340
0 0 1771561
