18 0 1
17 0 510
16 0 125001
15 0 19248080
14 0 2058738420
13 1 10846
13 0 160172066760
12 1 6027384
12 0 9242645403716
11 1 1273189500
11 0 396142696578480
10 1 149639194520
9 2 -2601
10 0 12417332467452654
9 1 10935992495298
8 2 13895953
9 0 274068816038694900
8 1 512956753613040
7 2 -6334200306
8 0 3930522394593478542
7 1 15050663748715720
6 2 582813995247
5 3 102
7 0 29822585665567020720
6 1 249498731117744880
5 2 -12771700921226
4 3 304164
6 0 25265814014664728452
5 1 1855481229180865218
4 2 57276026369631
3 3 14192620
5 0 -782798617139667376440
4 1 3208047335393719960
3 2 -30176599785714
2 3 13396068
1 4 -1
4 0 1674871156833326914740
3 1 527256473998693500
2 2 281395910081
1 3 2982
3 0 -1020930937750503845680
2 1 249471554573688
1 2 -2547081
2 0 5170904888984217
1 1 567877726
1 0 -8730057090
0 0 4913
