110 0 1
109 0 218
108 0 23653
107 0 1709556
106 0 92980488
105 0 4076532420
104 0 150700927662
103 0 4850081136108
102 0 139164610163238
101 0 3625304743266788
100 0 86953513860055912
99 0 1941304518065546228
98 0 40689252040849557249
97 1 2318975
97 0 806111688700772407194
96 1 110046400
96 0 15178082687577760605285
95 1 -21452055868
95 0 272827345112692810593312
94 1 -3493194014808
94 0 4699124775512624854623552
93 1 -283779305276716
93 0 77794705161588276984870048
92 1 -16640293214033480
92 0 1241146279029466723868207696
91 1 -792452417178495488
91 0 19125027249077492377331678752
90 1 -32302350829164789224
90 0 285177481827089922740854556048
89 1 -1156132190645193645796
89 0 4121697627115721890528069587744
88 1 -36863661733573837668200
88 0 57823305297580217212822201893696
87 1 -1058776180497666041109620
87 0 788375359128372891696642502228896
86 1 -27673790129111716157397136
85 2 107910872
86 0 10457675785805066350663415398047924
85 1 -664713003973457537319906840
84 2 2394558821168
85 0 135088642030723365443800037112770376
84 1 -14803971175241619647513568336
83 2 -265782803246826
84 0 1700757105626371612143899209680660228
83 1 -308082913865670759249025253676
82 2 -36687559442448536
83 0 20884254083396700057841445318656585712
82 1 -6030159024018313412265257938360
81 2 -1336704297655751346
82 0 250278022728633141303774052220183544160
81 1 -111612179804001370616955432347868
80 2 44995814670622823754
81 0 2928816890901672722377649517252805608368
80 1 -1962387459250153998410194518991320
79 2 13473883114066963026828
80 0 33483795271414384709917181801539550625288
79 1 -32901511270011532292270391065140992
78 2 1565422259697704802279794
79 0 374135458554754317117592723686402875056080
78 1 -527744716658536001049475649555731384
77 2 125920407320581775858645510
78 0 4087217469646603804980694517336017503439656
77 1 -8121102255520522023072803812638007316
76 2 7729518036923284157486869704
77 0 43667726311909828548230727097765668784617648
76 1 -120174834002484860507795730660108090696
75 2 382326877042716898261261012926
76 0 456388609746626128668376826869521922681314528
75 1 -1713535198158068883882953353368167470692
74 2 15829644890483604511282927597464
73 3 -328592272
75 0 4666996965657559902039140349738394904279560560
74 1 -23583195554163435537182036861926044247776
73 2 563709398773515942237780954012024
72 3 134164742600312
74 0 46702148552974577433421828279079831049954204644
73 1 -313752241780621501401273418310272415556444
72 2 17612050053058342902151033136953640
71 3 1033072117184293903
73 0 457386167157861998679093525526903693914915240232
72 1 -4040163199223916328876808251546860854753504
71 2 490212091210359008509455138923805620
70 3 -443987838526986445864
72 0 4384390301097653377549946718411348123182561182964
71 1 -50409468157859019172163901739862535272494732
70 2 12309850664188474723974831533729510928
69 3 -6226915652925054812805
71 0 41136975138871932355574767321555771102420036750944
70 1 -610000399286417578544517726173790027856647544
69 2 281935581821844613729476264642451130820
68 3 715334605976085950133856
70 0 377792902315114028876548285829295369539939265504192
69 1 -7164675097826319301400378602394145048598921148
68 2 5946081197526862904609290093798654557108
67 3 70105197345752256763258318
69 0 3395938116508207785751694277584299159696867848636384
68 1 -81733891762134428293749866807853750972408173320
67 2 116437692913408402870332056068605056706392
66 3 11001653775729069509465753136
68 0 29875958353620421856542973640305875821475191562020144
67 1 -906130486183915272864472655326079961803456413824
66 2 2131909336756806487603658103525444626307844
65 3 1018847701046965862509298123505
67 0 257215583237232483875602545426520987388324622329384160
66 1 -9767037388407085437264967794840308041538394224552
65 2 36706869960662551784669711569846204644642692
64 3 60443701224202687672712670095336
66 0 2166852085961496140418704644970382984845496546997049328
65 1 -102395443458594658402161969526649911544828163076948
64 2 597118310053283899771467183344435130754030288
63 3 2849418856918011188347350855318821
65 0 17858591810570582604214859696282141717259407036496467552
64 1 -1044412431625424738180606499760671597582655655140808
63 2 9212586053753585241092162662891039698235836756
62 3 120688890863327809253046025939545744
61 4 119939894
64 0 143968306047301338306471721989147989150188490664067828672
63 1 -10366556866537720781835650251041203628815344084916900
62 2 135243265270881332757313922446995106619069259816
61 3 4520377261447898461377343508422868708
60 4 2785861667110832
63 0 1134986429569377007562342602598533265881843186934242530272
62 1 -100147041810905034720350384852647111052147613326090224
61 2 1894312589271116600901359199138498645776435696712
60 3 136875047073889863673521642341176436592
59 4 55404612971640781194
62 0 8747976700239036374005933288949137869921744209806798969902
61 1 -941733762249185514653617031942248475565555931077576104
60 2 25373868278184255486346815012433971935368742190904
59 3 2964581728387350881302503823127918888177
58 4 144222228718822628348237
61 0 65901263030224548894087717230687641244378919853639932432684
60 1 -8620423397464342097215652483252110858634584426447176496
59 2 325642221382186063729371836445057330105965250681106
58 3 30998830925709331532808355624438276191336
57 4 -133333222286127841082464398
60 0 485078647388739016688089036591125426047693249673847279994406
59 1 -76815007464701567869628905868781005802889442179165857404
58 2 4010298119958945722569953491476781146635829484993048
57 3 -672740374261958106130786035897630466971259
56 4 25483101758306114536475125795
59 0 3487493550434054102240355599536525228174498555457367549762552
58 1 -666306118136594706933613775890042392152806247632050498264
57 2 47448907339016629419856010980188838229253916493879546
56 3 -44588976410250600048037061852016152360984528
55 4 911520345878025628909663341822
58 0 24481375283578692097835334352891773729421174281755455290640560
57 1 -5625949033689329610431586433372214092745305788320223250284
56 2 539898534973425242450468940586851201832878685693697910
55 3 -1310132325897541382399470135434095121479633434
54 4 34010991017838996406829362773311
57 0 167728130387642028674652308965649671352645462264000815521296856
56 1 -46237206852196880418710759361006123276615310102626029389656
55 2 5912354843351822505172919572702182895044052156023501556
54 3 -26168894374763565520106536215772139325497968544
53 4 5539324055504009496717165422142260
56 0 1121086503951061572652822391095009549497382667351972345299128596
55 1 -369863929716014526061446977909446573343656512229034425099648
54 2 62345396234424775570869059025721268835236591712987950542
53 3 -368367445788096183328946048538556253878072686009
52 4 484622001182238505099225808102892385
55 0 7307025284771160381104129543477020814836898672007437792628992392
54 1 -2879623199333495256595521443553211108408056993871625515430200
53 2 633266551743217107372156723286196064455915981603461609714
52 3 -3092062138148545049886553494921361937199204266984
51 4 34338769945322817188800401373229334628
54 0 46420130153389688372380253066884421451753127236024787318130299364
53 1 -21821075346399488450187500554388574136423098390347238127893764
52 2 6196761664185572507010882715006210539804087068973802885560
51 3 6088234741137322742879905488783973569229629036147
50 4 1937030318609514929274064556206245607661
49 5 -14125419
53 0 287292766862560774909382822174525794352135921142444389300449308696
52 1 -160948916785512510293043295681697505744306440334884289558251688
51 2 58414297919833079031421980276721466977228228897367553253274
50 3 745316751700182877536544534889283854240839678120280
49 4 71305144602553955080827208389165409667240
48 5 2061884306738092
52 0 1731323687815703658391913703365191114052619970510536143496326634480
51 1 -1155639203267356228368805960995432544596152013688676716011306772
50 2 530341975109799461888191888220001362381071490078902323982304
49 3 14901287256121915244286533749012933398823764974981120
48 4 1352503413951339148756102229165349413781937
47 5 -907775683500154224921
51 0 10154220995115236218477473791334697243015437018112294019440208908152
50 1 -8079022872087137626521523188780799088989881015778938654909847424
49 2 4635610506155073539689822851769052649847933806689338865347432
48 3 183953116348086235752204960810309558798860832607487504
47 4 -3361213870507486448801775198266885521413822
46 5 11241788192272888713612180
50 0 57930793285496037950575215446335516923500845720439190375697581935454
49 1 -55005427626775084563690262800371318655716353277491085757371560134
48 2 38987478014689336922890770091395442754959912498109977968730064
47 3 1399210397341525839509947580212803934869466308656744214
46 4 -833174053768237935585395505890660233709063188
45 5 -5377262300197848785676102917
49 0 321330044026090282258365727456294529316561616949455346156129773356684
48 1 -364828369989410860011218712599062644723703398872954955851559019136
47 2 315270024704291790187100943584730687482492215008727723077626872
46 3 1490320253328723546972616392513954563751351506812145264
45 4 -16864990953620475318141402089804682849261582102
44 5 587387211083932947027587710248
48 0 1732077173605660922479956471395478715334561730240236414616209413761558
47 1 -2357937852368011620208618377164969605432603798211554044800519954932
46 2 2448892985753152325873883972197472490065329886691813147119154400
45 3 -145414306825740818062381500798826657310169657407546382514
44 4 54590043336727229762971830167388228147071875542
43 5 467621710893907587556410192626341
47 0 9069229827236563877758520142697633661614522182253311774270848033649632
46 1 -14853412368107816619772238397040178293916023890791834686491250685832
45 2 18251284925306157191557003743525674294822841808390544685154445144
44 3 -2712615374191803596363329314307806186060987112204837085632
43 4 9558294274732838144908675728965982456875635842476
42 5 679340878584027591710049220556488
46 0 46110693463068009479993659668733537157093021065269838724194723853380288
45 1 -91196785754417299155360494895905629358240510857662300270173427808964
44 2 130338256190857186005838456561376224099344643993965649378988046680
43 3 -31124983510176018355193569720957015796421877617421581849924
42 4 214180061356014353166803524697692125315591121788942
41 5 -21769073610042279195954253928562185330
45 0 227583419570810094468694605012354527570958290279038455802673913248166752
44 1 -545590276404402986569833208087021310791677014138083891616346563165080
43 2 890484790139808247173438567979008156977291952272001103016512057296
42 3 -261676245284799438723339057630535459463381027966272537036448
41 4 1961753451662534502858183358599475261593303813004806
40 5 -2943523248620767004466660286943443489728
44 0 1090230934472457289671199177733311585874554758666042511403499271944597552
43 1 -3178106723955073194142160348349623019391176183691991525350641479865088
42 2 5809975432125714531699765492775569773759461966947201662722693348280
41 3 -1619610662283066517310246232056441379450914549275470393585718
40 4 -10652380669586184362466168484766143609420883153888372
39 5 -100460412287721858540606812217218619204818
43 0 5069106835825929164230507472262399685951476721975137319129109245615837920
42 1 -18001975614398644182166007252698044803291126425784178497710655669286264
41 2 36126492765162641982481207584279382464472997607272360973700924369304
40 3 -6399227665854150106068625357240243112525209574305295110986736
39 4 -559719977972593824690947963877047110132563392904524226
38 5 5178178491300511676361308493600877018384000
37 6 727030
42 0 22879825975500695795213400135644487268173364901759085522705978043580223216
41 1 -98964118092389190563971067238614419821688730665045628379437005638124524
40 2 213593152282684542721543675669608520431462742706540319299426587514720
39 3 -1443362296788893870419610980760264634153705337505510117837486
38 4 -7393739929950947585201640107909889200289449664222415477
37 5 489929693991014615279925924244849436403013065
36 6 184848356986535
41 0 100285923539924015098969789390040286158389563583582447245870635452235123424
40 1 -526643122949624527065946818280341830854182583034979382596453300895073976
39 2 1197741380213240084760748339031653401582888455081494798289493089992312
38 3 209194767432870406923137900111351653462723177954344675760828032
37 4 -35771598861874051887442370993343884914182847502902622110
36 5 11786812821896364419417245665751591165925632520
35 6 189743974174181789342
40 0 427102270860493724975669009723363150489982025122643365728226367856300353728
39 1 -2704349627392680641803209868909590519933091316620943689916133559506491804
38 2 6352606202952143607119666276008537362346422099328649735372170678608656
37 3 1770378881548050645849289047863151050902475712448420076403946584
36 4 342090122890604594338369681639381616080303448559648576407
35 5 -89152505470173165412808071295504095809108590420
34 6 9564091714781041444592118
39 0 1768590975234837174868559876061607638382754870921765690093137040455795849824
38 1 -13352176186234267594653075822245086008362535516362276392787292693503077744
37 2 31771550120976891870062283555386622168811980883924107142949511821945512
36 3 6672459178830021601919392835668980827495501282345667163411617408
35 4 7880432740746404274128562494339472059451217732173931970834
34 5 -9982397005605458311563543739491843266006729557888
33 6 67232268268371559544953648556
38 0 7125969220253403805812937856418690999844460239191786226099229414694723754436
37 1 -63137609198396655213822733724806447703074044764339056490363466365958070184
36 2 149341639565981565725497220219336248729815501527040732742266802516315616
35 3 -15264423086083878295788181923680494450449466807113076519397774846
34 4 67849159010522914876964806908153534592247136846252320082486
33 5 -177082272030619769401573281009478834093199229337372
32 6 116991454660109983818813733944719
37 0 27954837071629633880341983568492477097594686106030357744048978161138349652712
36 1 -284762806805782970708488906454304512223974829574479560972614703366298003376
35 2 657360445203303248225630880840313289997831492729831497073332858621571674
34 3 -445477786554695124573991469630706448913111592756033311758179352624
33 4 238025600207345953091806346297027145440331352129522216362490
32 5 89645743462915967613712055000338407711163104560104
31 6 72687447933662573911845756364384756
36 0 106815086095007415849371130999463768369862265400666501159348784404873526078036
35 1 -1219686939303998928493489542648545457363121813570485963690364424738307973700
34 2 2698938628611008577286094827061964324831542228097492224939849674500546840
33 3 -3981148692976641258749763287129880399679078773022460119195397468758
32 4 -1170294058512919975071956844429037232219719778735545708715010
31 5 46139061773208239236189589710633701973597129975976679
30 6 20711674271414718992658910459023102335
35 0 397529750877355104572270441718721876709662482328024458444641461953595302637680
34 1 -4937499378065539117021684129959868418747925558438974775188047725529466031272
33 2 10291946806909202426228008299072397850380237810237242589283159479834825954
32 3 -24763615827778382407382927735018842539874961308472157151860003148832
31 4 -20311788537894071568171141467566222698831949617269324996160916
30 5 618575756246647257055040590109090974485578305188728008
29 6 3212507413763453369314615668586232073960
34 0 1440357100612062399963149465089854511376711990607993656488394737084550424393312
33 1 -18784672432865882016636847867628789603822387185486047945470317677779326403668
32 2 36284588051275596847174257908729272552367624648280209973629720956652918998
31 3 -122360888495746059029132676209162266895295163540444819443869491937124
30 4 -119434214124299702018206336497245023983802204895796877695235530
29 5 668852595954723285374906584769296926040638155536210595
28 6 305066191001445830463786450708752696676233
33 0 5076546515554804596623473786380243133086475675859064967947790136665131107980848
32 1 -66676680110211892763021705936093829769832478849748519910125402096872323638088
31 2 117683278717163043179079015008568583268725041914034936985379262232628941876
30 3 -507934945828853942209076439594471011713422426532071434230948404860608
29 4 -260648191271949676415083005058930583326747282520060158807831190
28 5 -62689825513882209442471213093414991921408986698491752548
27 6 19211044921822534373263663571202024207278034
32 0 17388673789891143195572168963519260844602106443282632269237146735393887772946184
31 1 -218587475970505857318500262517687344484633990707742231059510340221604632006144
30 2 349253981776973110565155371157915919288110063567223661775850034125026018350
29 3 -1841942519921488237284758626186715478772004847775522998572695097307634
28 4 1245307543379700869450536658306397718348228871171955009477269214
27 5 -636245370313582478613904343508137007637740256602505367417
26 6 848730835045803647171403165089843697073108652
25 7 -18203
31 0 57862936571644177474416315247352305092063870694998718697155043912285997410062800
30 1 -652019208765595553872508942221474422742111123265709670277743390724270264049640
29 2 942876775124703933666150621605688713701919461569927513229534971702534524426
28 3 -6045309257744461867607814881613808288174916107777856159780139762429904
27 4 13197268585114989254484141466850088444664959192404267230561477874
26 5 -970679849606791346295555959639518113234265094567154741124
25 6 27338596922766204524201603652701669978801877380
24 7 2523956861424
30 0 187190082029736568246992790744571032180559237531495608531508556559706594432417832
29 1 -1727747289813592998423595361357917863764738644133313524700572080083350350056188
28 2 2300707522671193162927934274084499460617383922374293862965594251399574303672
27 3 -18464466517949966346573414215263016810206327874563680438057261070952346
26 4 55832686952892745908754673090121229217285890869222680602945364483
25 5 25355899073812423179720290519695988867934173841293356927628
24 6 660481439157508520346932049010715466592044643223
23 7 -1347753334988621159
29 0 589503596571452227302743195138413943129889076808258671222465671383857728543925808
28 1 -3891881762807231253825220055089126282995171832874532936515368166369525930681176
27 2 5038410311511946083929772912379893626131809560847004780096598998797723887506
26 3 -52888792068414871295881277839485957276841514607963958388375299117616944
25 4 130153061021097517202673677204259973695014453332047640153474259570
24 5 190700938544057062363739682092852875966945908915102221655404
23 6 12189747945864945465402213761929647235122102195940
22 7 40249038765435132710672
28 0 1806378964577467636767986200783281823097882620725949402083208150083582750996943840
27 1 -6701592941517853573473260128758663370711373608351623220161670834545194015553772
26 2 9827021011151666938175819250066495465794602503824617804130619977124078026776
25 3 -139531283536732745254983179684813715700450733297506549530613246200900160
24 4 140060428022732468073959859570376274343948450346646093272601288687
23 5 259479948818977416465998650592270103002435462283677890116463
22 6 174196608459785366176744121545838944619099662877269
21 7 -193826498424081942414013610
27 0 5358642797866997535677365667143415902180335177331664237975583496446096407019287792
26 1 -5319581793486511270404214974368548383659842758444182632913260859442053238026336
25 2 16934258816899961764373185827977835892124442988292937646844777287312216447752
24 3 -327726660751958939128754099805944675123683688752568980873277411905477960
23 4 68557697976290348770465164321017101502374193017882538126751908094
22 5 -2975435096240912140678472930878533755095761179009766182673492
21 6 1940388652695458026961629613211390934432112798846128
20 7 246256622640536646963689271004
26 0 15256108736337801010997929191522341886387898623438109647376164775594414166592692052
25 1 17599887948980474377254797964207696466018285793752529840142373437992448539472036
24 2 25576615355562365344891669988048117591590545981898704315660146456056141278984
23 3 -660036986455946704554579901856581077128251466154288474135503379614528853
22 4 1136337643909595660940655753923620204409534186424327886844885745852
21 5 -15577293238851555459642502825869398119628417780676103170448525
20 6 16909221515616304479619229295637979516520542330364452
19 7 -109200435480282869332477908402454
25 0 41456244504532773442606333183202216871142051438812403072544479338169396114711170696
24 1 102976715831774304494046859399130421766598649158044344061326077057519776469713056
23 2 33505706923774149609722663904660132905479585288904828415578830341161779472916
22 3 -1098143414651101480508521148010048795102074362594845043503118537115011016
21 4 7520499791371780952197165836704445527164159555336716096816537009366
20 5 -16751275733081948663427776170494805923541230055497664448265368
19 6 115051717563802398665213175258146756193297662539102420
18 7 20092311027066099953266773230246164
24 0 108080633478348953601729128465246151635757943508404691420728327310311757463225446436
23 1 314929121561304855153907711025033374518314998108844434968700644456331645822197948
22 2 36865750606933810601081093286175502720150656382346450832889139533973720247312
21 3 -1464086443171841452405409453019966852907154642919838490723466628151494329
20 4 24981504327792032782476356291846540222329632351053906848286697618198
19 5 77242982455804422454902861836298108563308153905956475260608479
18 6 608154368569292388014876584707757113689311970238745268
17 7 -1714876006415547365347242427716350540
23 0 273640359296487530988480666280317981804033885419027973932031614274442990419682086816
22 1 699508014785477881239127234539106494782447333712304584068120151690890062679214936
21 2 29293924772317804086937375339982088130822400812231434698102172003373317366692
20 3 -1609319767761231216083978436434520283763768915291891953408916172799981856
19 4 54458701343320232115930448966209706612505318245204150331147428867436
18 5 255209644278567370178243564545714533579266994434750175484165576
17 6 2471167677735689695772007268124329475566030249174904368
16 7 73005142494447445011644295376087794760
22 0 671993655728114858472649190921291928928391166528285313354794491031477953090266695744
21 1 1191613469652468413292083290805316078861841128676859459630133779692935655096807084
20 2 2014991125360660223741850066679535197082003022439444794410051927861387856436
19 3 -1755321301173182613410062410536941252312155818912250410915900342272779274
18 4 87629883475534384477631765700489806543104566533749959474274292314638
17 5 178099549588691354346866673532674539893851067637508030313251428
16 6 7603567298262063763259355789560359067423836747652949121
15 7 -1622688741575119160183637608805319237835
21 0 1551355626466627206883137056060336687330910468770855711211409042652616595983741824544
20 1 1544938834771102455977899364182823465548152628993803811819579436952930801427274984
19 2 -45207991008019925787239475560767851884266994156249104720803643838852920925608
18 3 -1818547336396738471756128164302735011163115582494955097013497432869821712
17 4 98433689388957535829731751232793988002096238510153077486934672454138
16 5 -288102173505486069391141527958651082248357368345517867043928832
15 6 17331282751751641062644769406689402798197773066544512420
14 7 19316120690212137793339976588526814040624
13 8 218
20 0 3196898689936179907555181953738669611587500771477589693656404069582403065323240431952
19 1 1434928910477295195332396449219722111119528331307454773467515323539624370867375488
18 2 -83576122689030620448053263976583624092340942311510859737387148348526131720828
17 3 165395960401394135224383355508607313610533202987371604170157726689024181
16 4 41051418710073819576376631617045455157751532877594063322285483425148
15 5 -495917144940323216249243595635171550395524655224902562715550260
14 6 28412428266542912599010249402247286709550781498007730947
13 7 -124208250481899573334555766888786617620507
12 8 3328839726
19 0 5588020297591858912169325331850841687708867049797278854442868491110567287977326730272
18 1 761338996747817488236020639550922126014228160353996450351588738925714641633993480
17 2 -68194073227856788769958593560054548803978996855870145386772577559999434444380
16 3 4194933504072595094808644154739106605166857335437425072353025665341635464
15 4 97930867195300801250641775444732475040163832918974332343427806049858
14 5 -177964919634087771633456181793293846193303382488104742147084440
13 6 32181747781518056510052556651246268824443814852561065380
12 7 428499116124993483383483691545085524013296
11 8 84203417728116
18 0 7953575029120143032814813091532276483321895216078359923784770405129799760412890306704
17 1 -132678968773467698729798432258856019927894007502026765967248607005645276246724828
16 2 -4636633434314662547427084816850689460199129417358898132977692856180521322288
15 3 4517343439637354260984754891472997531763131854998243342493624419951239097
14 4 414244464999259265729622520224517765630823649454934990971589131808053
13 5 58419911746396474007399702579461515226700892370640370470217945
12 6 23868777851464981545314374746933546555967743793401596348
11 7 -775268715701242515513458039696314949796755
10 8 123616593083543864
17 0 8916669057927502209080924568599022012839460596613395815978401325120309305966399650208
16 1 -682801933328277423637139547404444201500148072676514039116973668360900765330981400
15 2 33095148100672910843656814574082637986271045129717736965918133974822335242740
14 3 4849355419690452218286572736812678237997041448297884514100299564351557808
13 4 -816080887682574633461427463750038851650881743422552821871912414205080
12 5 41853377361505014250568014650135656882467603735110392452862080
11 6 10788971557836189009922329311649801940073531767948302354
10 7 706273587849560348572903792304666488550440
9 8 25024034141901494852
16 0 7623571970177436236828784482899227369831735536768814385211620208184468253275055330368
15 1 -644383583117351133153985144343686739907017497176834031268878125181325243098411596
14 2 16062614418003128275657139010235335424506587875449970110683320786956523499720
13 3 4313653587223592005199873061788183025736839088702383487166714842144803428
12 4 604463677881921883149096863107757741935359806149246402071903586960889
11 5 8293931757877909797676471745035071285949432787108315064029662
10 6 2701824507246442211821377951321537853546222892666842637
9 7 -304177189763810231326330403960675163367820
8 8 990751450465989013399
15 0 4781088968283838800429919778230775135865317403494882388115974107744232024561966668832
14 1 -308614447292730695652605866858336185750226006881263028080011017524698841495979024
13 2 14598204064425020681672115125594219367672065590791146188843994248776277339704
12 3 -5150468152675320407432091184028809207534531755536537077213275291478753584
11 4 -186781095458615459190088292101111496097128790449602590303608506544732
10 5 2869468603817845349813962888062212055367525998015992702745408
9 6 330647451019701205208676129634404170466550510721469480
8 7 56433381749546706835089254597432679107236
7 8 8820141266351018070220
14 0 2080030982498302257248936640311755601110199588029235889766406885524323499274991744345
13 1 -82224011680252008164371686739892007628145040354895326095799075865727873844289560
12 2 35923268477455344021159960388149690678997510905192828530084335127882911868856
11 3 -470747091889035956680670402874978603019941757616613856792805327492230339
10 4 23356934057886913999706689038024310410724675849814859316892859446485
9 5 -3327920728003335824617941987338849529827371208423671548097010
8 6 16789290099248111426380557299873099546373321186152675
7 7 -3937248634702454574922697281932794998534
6 8 17830717298014437936691
13 0 572952027458391328725795001239102268617641300280458164409484006884115523992369159114
12 1 -33623215427155930395535052022865680308602831858928900351198801428140401008820944
11 2 21203266624394846283539979845209131513738488994500428144148426446014620570046
10 3 209873663929796599612810280641239841420646354162080563075886273482336584
9 4 -1124624189645400317586545869785126069271047828532706803943421101740
8 5 429723195257468639253602610429920705072092928661529467323752
7 6 285507431551322779564120479231980800962616937188276
6 7 84420607171430755190876748165891830956
5 8 7324766182963090743332
12 0 84753316407763815904759752929467328064684164621599473964251593322868304483638822941
11 1 -23631156511114736809873425549622530202311029852543177401406977113390263476558100
10 2 4573170217276909626638367769653940940437975749462163511048135970534070799976
9 3 34355509367812950259095596493687841131160741204978320363403379106785985
8 4 27557931652736397532843409687755556728763407786379591201353671059
7 5 -9802355068676193226829295453622822641713100448289814999779
6 6 1218099074862567546717108348024485777453805845051
5 7 -407244561245065248164827146962269610
4 8 461936792564565903896
11 0 5607035704776977298419539191927299374718098251700491148828117176669895909866153908
10 1 -6758365719658560601029149509126513588264221915194445080791627369254123274352840
9 2 304671066434912963397504471757013443421464868012315609158134336695120662550
8 3 -2171755230415785896297703290355550531738194500501354594343555943011216
7 4 1378809121415549731831654566829850150872822253841782826530012862
6 5 33234399667997942168672368413643277642829396775548112392
5 6 860900650035855852226657913838404025134274956
4 7 262633174716018242559154120599248
3 8 2406953123428127796
10 0 645195880843704972002303875026578284291705620602941437978560578998623788246974088
9 1 -425585410482918306910858782892598073457740169979592876789316713854310011828836
8 2 16655170670699012659726037961850236997411398610447862641257094243858498346
7 3 -25812867075526218904986641086882572036531793556356053753298866312962
6 4 11882789532143736522034088500260824153856044785622032253580175
5 5 -11225022211955237418526617536821392241239059539143797
4 6 51945879009255445920631244634503221192062
3 7 -8804268974630491648868464559
2 8 200957394463494
1 9 -1
9 0 18683889036696793451998418576673218074074222344535160195928891573419376993313668
8 1 12920985413807372993444186427109716778941032319810068888714904144809408533624
7 2 -139071815310459167247346065273776987740158333896886179966311477398778932
6 3 75660346798279980529315756701092134738992594366671642640642809824
5 4 4850303887002235514244916388455837621911000190720440820962
4 5 181048168508367961258789919847117036700806509220
3 6 72825324351550089757290121621062302
2 7 856430928420108179376
1 8 6698
8 0 1796189345324546608495995101982280218889508854705675001649287890078813147690542
7 1 392250199080108601037224138039231039679607161466146609629389696766339695232
6 2 116850315336048887017246790592385592339253138909925530028411511035986
5 3 -155379889021634545088283589216113746093238129999598819198075845
4 4 45169655278347322599360973564698554734260949980288953
3 5 -33808130423410891896935996494041055724001
2 6 102068213597789018550906755
1 7 -18167243
7 0 20674247337189351226179761003909843733187609243199976400110902903562341051628
6 1 -1354697063879987375931558652075868689760842950341210938752690349445436200
5 2 682062666694509138483188424139369763857235728886817591435579692094
4 3 1471255169827312126680522031828816909250202507825946795064
3 4 2387822301760412021244752657347462961582589354
2 5 1673062222277477212560749627068
1 6 25586725510
6 0 1703428310342819552914835292767797006004347689133592137300192363185480280998
5 1 -682344935167879004043786840220148267722686296261701774847628151501036
4 2 7917557613769397615479655027220369979561811095919683232293576
3 3 -43649737418537779389550706018771725911810535063817
2 4 6202646702804742435264035737028528
1 5 -19943755258059
5 0 35097705709933410364680139125388997628774355957140762877358716606282020
4 1 6304107491523374946519692987387558271708788539212190577510305608
3 2 276540419203383198769548858088469124391942844475735894
2 3 6030739811433445902634619808371293208
1 4 8482169057963174
4 0 241079666780218868321823376948381839150878714613735490177596220392
3 1 -676369691057241906344115304638200659022247785755752689308
2 2 1441970546464351214691484990240256005232
1 3 -1812916223025464272
3 0 551992578490654819709452132128788483729350217102787859349556
2 1 59367593874300050358096046844667419711680
1 2 161668252940008291352
2 0 96431497972329220244700227935477587830377
1 1 -3918712359081431862145
1 0 5615434073778392039978
0 0 109
