20 0 1
19 0 -152
18 0 11020
17 0 -509732
16 0 16884502
15 0 -423717176
14 0 8284685786
13 1 -950
13 0 -127757600560
12 1 316312
12 0 1555736163737
11 1 -30558479
11 0 -14818816436876
10 1 1393783456
10 0 107820178372660
9 1 -35139121246
9 0 -570206255492636
8 1 516859448264
7 2 76
8 0 1951802961922337
7 1 -4417019896714
6 2 52003
7 0 -2792663674453360
6 1 20685669251624
5 2 3153696
6 0 -6236737094541574
5 1 -46304956732366
4 2 32293274
5 0 21913915458273064
4 1 37088471763616
3 2 52948896
4 0 37717059200889382
3 1 -5786452184639
2 2 6707323
1 3 -1
3 0 14998237694760268
2 1 24879503032
1 2 2236
2 0 1299029281420
1 1 -1075910
1 0 37507528
0 0 361
