104 0 1
103 0 -2060
102 0 2028070
101 0 -1262949744
100 0 553797186645
99 0 -179426714595048
98 0 43479999333783322
97 1 122260485
97 0 -7632672372328703660
96 1 -444460760648
96 0 826817018158818691582
95 1 687055441408984
95 0 909490155257652553708
94 1 -625927381436651824
94 0 -21922239324746204146281986
93 1 384022906179735441682
93 0 4988405139523057287295306744
92 1 -169648214183254981618184
91 2 950522681032
92 0 -583865898688345518881830911275
91 1 55673393985419922162450540
90 2 20515795585275423
91 0 15156133129484256315338844222424
90 1 -13576141550953336679383871928
89 2 -38519783337297308676
90 0 8517599119550159249875434115914526
89 1 2335041194335032179441531262651
88 2 84442258091417868111298
89 0 -1888506781010047651348100501347733204
88 1 -218491081021014223188192284422440
87 2 -131191696182544784840886464
88 0 194859244150232674212074703237896272948
87 1 -15975364577471509897533547812582152
86 2 128207670976237061408952851007
85 3 80650969622650
87 0 -3085253242105067643221161124418737612900
86 1 10854204510979924838129776337831699704
85 2 -85577876991100331045783298138952
84 3 188605046608389301584
86 0 -2520201047490318303211064942254887415122474
85 1 -2265180223107516804323061932947157732554
84 2 41885893606799049049720671639635226
83 3 2316975039749400460094933
85 0 461025038729046813364652146766180928020447352
84 1 264158770000695252744537515108785998505936
83 2 -15753974875909438481533701954956682572
82 3 -8396173430435348805188608544
84 0 -38112499042303889078871771329605288018823235513
83 1 -8651095790197013224722496303702082654271956
82 2 4687980024795624754885098970187800509421
81 3 13820779049978230853123925225116
83 0 -300113751943989871952894393120459424967982787008
82 1 -3277621051480401034523420538917577617476999416
81 2 -1119948367825890181254645397274654352920896
80 3 -16595119659243306938932735193418672
79 4 1808176152680556
82 0 539662006269345768840951608723774710646409419907610
81 1 751862970640432172946169298926305524070067892463
80 2 214323529235428165290567131441859678605208264
79 3 17197708239978033723563485342292339472
78 4 315228856952613656930766
81 0 -76400000109285265171225640567532823835749337988224708
80 1 -77365768689451176219566554224667885586790784933248
79 2 -31807224316941309592492627920015980406097800328
78 3 -14421110385849364990270926423294129456816
77 4 24098718381834588102222113496
80 0 4655259013899975841284584921415734518394558674244109483
79 1 1281406251675707644805362011976435636163486252955612
78 2 3236560917175933325318861153495096687881379533660
77 3 9240621023663363125867689276298140814165962
76 4 -22473952437070128094210645073356
79 0 213126774704011692144211320038304747249923969084289814512
78 1 929797341230534821892542675728661081423207729090266528
77 2 -86712961883092591869944363755243861525398259113352
76 3 -4513099581266517015630666292682491308354416656
75 4 363523786344732688670796096452128904
78 0 -80665508605735268626653196838618723293110790419741619118856
77 1 -163013099252972315944889612616156684774833561579042087592
76 2 -47932071309958911761565110734815613802810916149511440
75 3 1706963722043520686668290008572454465808656452308
74 4 1414490521630667903881093979232721623278
73 5 -11772062163481301
77 0 8699870308357297843987627813775018486573978959470093482263280
76 1 12467154579767075924395668222649812447695210387458946701776
75 2 12445812195680992980732306470184566134224165311251602072
74 3 -506326459279745035794778494800681482747435913782720
73 4 -2915284823925144123091154303215748616764172
72 5 38157524532466163275125520
76 0 -337747688366629859460951498983086241401905332826043530058495708
75 1 180928855409001195262807855897472466860874981430776132564204
74 2 -1791699106819845807050197965576782983576894118396445931976
73 3 117555848165018554059127409509342568368488463509080646
72 4 2748621422047600031793120645214089400187345240
71 5 66925837234596662858844515058382
75 0 -40916778342075867851369978087858327442249557985783628303154381344
74 1 -167756513176754982671338441222629935262207664011567367326584736
73 2 160107838276099461669777617799031911217460949342884578538400
72 3 -20631183315648691150426272657920089137569091679033515376
71 4 -1853924909686308618654927924681182680450491961900
70 5 2144793733212066800928443705596361120
74 0 8383075017101510850085451812977818160128760242847231595498718863536
73 1 20362331965674798914902218867882311967553172997531336554520442536
72 2 -4539707371460712757902573321038639307688666145175457912587796
71 3 2365389746257199581041090704117530736938882340229475308188
70 4 1089233294158761206371139825355609934624028796114814
69 5 -1421896863662461476609056983288903939202
73 0 -677359715951515614691542646304920315205549888156419527710389941355056
72 1 -870944501330160304457640723359077076652379826353440864173837003184
71 2 -1284281285143547298267426329503136894005652219113294320711184584
70 3 -25993242972936049410468086348937237923193358800500371709920
69 4 -595960588659841543139247994839918891218761054452121688
68 5 64384911033728269728738604236665580823881592
67 6 13845205956994272
72 0 10107581683940988114220389104750196422120604822651755480669067862539345
71 1 -95657020229134016428926963448606377028176586458080093163021130219572
70 2 282338162199726456365292311363913764480185229689516832784698691086
69 3 -64844796466017553089963601455481529096946522045638212048068214
68 4 296719270815253406650050702380689126953428773388442687475
67 5 -11840436977714140906119004127162021926102302510
66 6 2627957591673836255801373946
71 0 4438302490268013561847751558672539335545846547245684066151722610623983316
70 1 20093780656168342689154055991069541278956659080373493970788397163406640
69 2 -34381989017679250621246124618382850462422816939519893761963234275512
68 3 18061760791072012283404959709368897473956302705840892820216548320
67 4 -130393963029814516812053166257187015254344192553883106316196
66 5 -163986331414250584905405759403411736119507299106432
65 6 32718397435812523659176724520265580
70 0 -601784061474048334364617596873402696325476459971131100373358339880852847154
69 1 -1490511279042513510388650734942568523222779847127738651984564697225178924
68 2 2849467460133255047589211773981227109467493682880180095230280476624500
67 3 -2861366062529795678025248389769149824157175782489277864361431339314
66 4 50269282329285516339274650414870329880575350726387706540568060
65 5 279403176917226301040444754376564437533568087757796203
64 6 11641507286427633679445062509672439475322
69 0 34986598083941914512079871231882122906665341826750816929777881948890486873872
68 1 -9515059373844842087696767629541081468590842093598218899999010279600743792
67 2 -127915286124110796292414985251338670598768041990137885521070770150369648
66 3 233645522348331931806675134282011322838626514545466694629452435628816
65 4 -17131178063801203140702473308098678155118029514409246501990778388
64 5 -230125938805343775084313197700385627678860445631509295848
63 6 -93912473297854580205856105824628097170457000
68 0 510828888816862974371840939294125929005968589159284510644884670247049376515117
67 1 14217393307411694615379116031034681317944676920718914507959293282090588353860
66 2 -6561982682278969817522862202202623778606366834756034173829482981964258594
65 3 18554858763033406279432789846902687540331514741297589104326373055707338
64 4 5204598496283168096173635625369084515924079500133615266621306930859
63 5 118281362424752203552130583764090212059137665798906525638944
62 6 1486070373478670398649711119478825351214269636853
61 7 -6147020959135720
67 0 -304344436197649371398435677291252746387304010301995696287990766384356495275036760
66 1 -1496661504311936392994502926219491714976769733570754478044911150277384010395632
65 2 2121514219164744935461295774468132315297747546649409941419211287833211408032
64 3 -11307154180868671919299511803099451034977356489168764122146660905021212992
63 4 -1416835349680896683411212689495240872505740145761134125281099261997044
62 5 -42127316242783016753994149337691129671429182395372025430954360
61 6 2170209745587919354797765286639622444397779715638664
60 7 62118088279236197579722114304
66 0 29331365673080616064059107601918194287000044630939187581715243657344758908420320842
65 1 43631149097303716803482509678755611596362849157436667853956964836639918763016585
64 2 -244152624813680114658280295767039544932620138059327756757719625821340590466556
63 3 2560576379761713187881280272172006271410386231219374412127054092443758962880
62 4 346688258356276530153558300494441505590152938751242694043028027805358380
61 5 11152513712742748660485518119455415224916283417316832176160545145
60 6 3985345841495761021342434354165170791396995471196728054
59 7 4565681885807362034898068623721689833
65 0 -1110379100963164698954831542557877189864362578201498681325727067414267702529876060012
64 1 7705283849697559557967448089396790182003119335409341517306756822906288902854746936
63 2 15541391577173326565228419902128543654751053166321384090415771503727162439775944
62 3 -414823996812529290428041865495110318138680871335811041536255334187568595790720
61 4 -76522502624303661962117939195861106087350634344685706015593950569778923940
60 5 -2406577799525766096901178913390862687993734357358879860543796400696
59 6 -2624857511121328932200402631000943667514679022733856284804
58 7 7007260573317980130116223472867814841341264
64 0 -68419237958600243987372429486677394933622844909436233189760558504549944666335139043572
63 1 -1188936747994473720371465370986762384035254481503755425135756646357981557393607578932
62 2 -38264702732577924086882251075122301373493791458206596802139501870929970486540206
61 3 53605129548950687279998918683531133355309304073150059200813763638485203283303442
60 4 15314057882864322044705886484807793728444253592508911238083697175748696099678
59 5 499744874493630072649720763921573281953276026346982923981474189369680
58 6 11988768386418976192980915083648702471941037629107283303137181
57 7 156865962417987895990926975758101196427035340714
63 0 13520223318430329914383551497853027144790062211426963435412346964194438257129378771516324
62 1 66964689620694635005849856095838087029302736384479602871728340629416751429314411909440
61 2 -141980426250916180205119005893542528518086850677170848942798228971378151602328695672
60 3 -5698973501564874702690805329632577834160791225545498546431303092372287053040419600
59 4 -2796333047578042722334615347138788176658903335376868776778096920530574201913324
58 5 -117218301359888928201810414506362371509313803323503408736345352605731048
57 6 -15670224394346193590357318545485439963710036283166623901021777808
56 7 5750185549267152534140078256238068202878997383875344
55 8 1350565840879840
62 0 -941474325554855971000287721745878487002756095309567305014063078546271226788932543910034430
61 1 1952086225415973273824680489816648791566504939729452711744812862351733239434059408260170
60 2 25153839344294923888698324578166610720736565881233365313927052158861019168225028028884
59 3 497699302481937692002357390138637997145123553112612506803042964705406452265886885010
58 4 468872649118435481566274205577396539571909016782824682801954854496121375744787112
57 5 29527185993184173795029221836203313451374818719352309169437602110277137255
56 6 12356351057319749823881634091793650440045950253877312628680089922448
55 7 390883236309902247271855703349101763991596246695227818
54 8 217889567462016910060365680160
61 0 16956173536397193245880553315666235265478753401686689563850572860505571625341652528808046088
60 1 -703077598358376772892413470794763256634644566539317474523301780047952565474256970070088296
59 2 -3228403790667271367448466592443887651822983833191261192784190256405032178048773490439432
58 3 -34589100900924238384393310218090075733431661629652220013835953843642877271812827895280
57 4 -72571774294802413683905065652793225534076693001178111064618526885688450021484488412
56 5 -6819630962082554790182751540426654326974075468299118359515247873026169570224
55 6 -6973960569886981871569913661432583594028315695884574556550478976817664
54 7 101254225109870185306864720265549332259979738946633312357712
53 8 128838036545114445513573600469824758064
60 0 3296005975425071819134177135770354221901181325299500845751865787666495929974941957780205032471
59 1 60657604495687634500357610666904165751290780611550615505530945368883885282022121478490180592
58 2 344428522997089475392655544619012374682843403463983208198044545308517929820961686729311779
57 3 1755625996286493187022436326785779432124694471746142339490205750065422646551088129871010
56 4 10405136203054390405235416871291333333330953907258319047189593268426450362100493906479
55 5 1319397951210549029117651881796961213678922694286307236656577648560535162320022
54 6 3040100566837762760092033041040905822132287369927043991241411480642069141
53 7 19565470066168485548650133191857117934289390245038532112415592
52 8 1132677094764703223059798020371460576063516699
59 0 -385692040745361935205947506719096168354264186114808643505241466715675620846687610763380362704488
58 1 -1675959961924300159402394169490531838350701424118552253654741140297096021877735545041565710040
57 2 -29351740998989667629748716462974185612726604125027306586965160345635671970674649283432578492
56 3 -51698702331405507396580637856266883564971084211570235037142449669874203643038646036260800
55 4 -1384610461267866160293755957856267893818621855246112836328805781214035038626014493618780
54 5 -206493558674055750087432565216726387216005501037051340516009107828784852366441096
53 6 -1095228027973026692780778233786087508618716636235027003330465927203340851972
52 7 56884902793520581477739675860949687237414108604091488875950534112
51 8 120979799372374150484166049066751413866052508196312
58 0 18916821753977071741355352827087780336866324990809994647462406958497975277519661492702008750561466
57 1 -200536938576617010147643233556779766713539443491796833518104891756890063167765282240306594566579
56 2 1720325455460554187406427438738974031119149408207644668599195726208435564370995459368963076426
55 3 972406072768853886211316800620787540924592608288499781621183294163215585192391229791652152
54 4 171183869370474034373205863315132906998702650993258500495279289701077793431382283353020656
53 5 25516274472297957808908623950905067224059853375067930357231609680236118634923775309
52 6 342424715449810399620395187846142519980831664800691565403010710957820988926342
51 7 -156127098114727808676750236717220698296972220413970601043180511029762
50 8 15311708053729999423453310980915758656960637334262135280
49 9 -169226636183784
57 0 80271554955633959390598926464446972496503834525719996104785058103602894455739436819422180221042180
56 1 28864403499025592066968198766958315977457897175846096666096674678030472646792065762500758693964488
55 2 -25379576238226649871087403236070389267051693630774279033627082078701673488799940310863522565880
54 3 -400043782955389432930075031325263216081833522116793441534391728042059400338044523649751672416
53 4 -19681867280481325472576850090602429639428953873270491105687618483893125090666834355245844476
52 5 -2389173053474634563249978435502973493016034399808791216068987756543365745372676046968
51 6 -94232448650299888127905693808459067587539271563153190311623826299493985536988048
50 7 84339816916919854762273382428809314855300296133822357629293310556595344
49 8 247061487041765687501897490315465327487003513183339247187736
48 9 169935997808817883929628023472
56 0 -87107909619579287283346066716757850547500848809062582981842507998499202190652438350556102173881260363
55 1 -1638803621051602758261913821821433137129300936004353281196228607361504445117001543587435573250819468
54 2 -8474840008216819870611751002978205794599364384463389630199400435718763856389709755711275358839789
53 3 99472454123755086340514358670933319858274195664158614894989953358833953869966047319169334915688
52 4 2107070313280440747753493543503444600463551571230465008417100938209090018766219633168533106276
51 5 155304194115813461796764872562476652050644668302931112537970606214942043962120899273286
50 6 22653595166948343910173002257420167144094999058763338159047216226184689870179401712
49 7 52807042735167926176466261633969827104820447689359049875840948709955526602
48 8 896555745656583192349954541715214710991538306639681483587364296
47 9 -2641043596188117746789269145100381961036
55 0 6847888801572205938700716457981206698911962665840941463676303068371561072933457409645106945237839769064
54 1 6518826832591920840400892052866230468041503276747558825430245664037311366236853606951788115783065592
53 2 1232666273278980556700706928939908955407844954372794918605524718269091342148095915853305678443299456
52 3 -14089902115917115604464452875561714456663120814416582039353979407425095532362846509950610181232032
51 4 -210337848653926347802405572721593841959875381899861095104638627928606574815232762445816700494988
50 5 -6199158445388752404382831365853923784837906613007889868735645404137849778841689977991568
49 6 -4739152636672369612860525402628043658472211916600079433626987623170289390591627855944
48 7 -58078906254945676044481568865047735831284490577680636421795981403086716527200
47 8 -538720903569236131373747730202301290013542404731345055078565009844
46 9 53974183373815764103320267005052737229125947424
54 0 -216049531076470518591483680912123313690379498692360542225664011744480176219133780662179846363342007666936
53 1 6790205113497415655075287592939358344622216240753458551296707085604939356476374497529242184420336005378
52 2 -98518169691608833356497811584259042913001470518391107761997860422139786184431015741873975183739261510
51 3 1391811122383813613075285816882426091093437725050019480288632340169800661447044144017100484027783149
50 4 19600719859346465572490679889311833642285073207493419744765453843042602903689593061527724979356192
49 5 509149476285837645661449792591911905710733449549721509042980578634476568879647395215267299
48 6 872180595876697120352090898295451792034441929196359090997629749057674514897115830540250
47 7 27004654867922556911602912854804039338970099736398992046555780777553132428406257
46 8 2104211063036831432082979109318367955732661225974897643844928374084662
45 9 25108434089309287616566680681830369326457630642892494
53 0 -7862067186274758270996748678894069310237760051023430483397994624302987770223139192786422059333090390467736
52 1 -579594434116913198464195685957370369818659742693697122031565299046929805989333189886675526992568228578512
51 2 4586108007278174987667189317604015488526143793299862558268515334683935411937015261214242547480458452700
50 3 -99041688453809643942017636286877282624376332303390302920775102126991588095419363827154244641159804608
49 4 -1705729422793545411388051161376266524994292164247135631681981024998985355830594569397750359488246228
48 5 -181089040077823363020667009018631543720676735232288446971343271180639046106306872373226851448
47 6 -144063682377609220652505902031750255440157638893653643366081929364494847321763260025147092
46 7 -10199375886092113674015786722831768538316538729865294980029530955590320275366453152
45 8 -5126287636063324664687059787183291842850231631109010036423245401916801312
44 9 1201516595367950133651812749923024691077341937334254653160
43 10 13140579510344
52 0 1324786408039859726442483234441184191109145565578053181250961460352274040580516169368707196067595095350339150
51 1 18660136974314320678455333297009424662973472974883943463028261120971794812400130984209914355088231949017296
50 2 25390112716259841478661518206431797233466445250913603358813212651984638731642814567242657231913502875
49 3 4391126342121126520809326417088929839562322595310696193768767428672889877874427928867758976488921813198
48 4 138553324292175259971746457150905333689338774561135821138523739275922761401328974229608045850422048929
47 5 42251399567260269907000502747141045211131568356536260058401657931559924241259127236802141950208
46 6 21710203669311999786071356815655456171347642818740705998678962632582591785591881571040213215
45 7 3008557605912399058812030707783656593292589468488854916387710152285816015943610889998
44 8 3182946559269418686593207705203242969854191943921259738049093146882313740075
43 9 -41991211613516268259656300798289135425342430900325153833447566
42 10 39604280945988080565235470630
51 0 -71427164455390065659184988740773440298114135194820638971670954645237861740703697365561505564057268101312395896
50 1 724459794313927960718555903332356486798905007646137461379281724790824339157336863111486860541447698756270904
49 2 -22308185340257590906253624859581381347791188975822728099928566626926935366419362211655007155627607098598808
48 3 21358499610423997614917850341795493245826427118258697128859791965591329373708890321617904171685866340784
47 4 -10493200171424794853748269082744712002514400069519158375129686052736362339391957245626409954470640024112
46 5 -6626234242774263817137956832084713873685536907653955403553867833680884557148514967830702275575048
45 6 -2997640846374141097910541400404022811100058999040471959287023950084619007970119812581614145008
44 7 -601657025364647053859084134717593206628814024989816572117149807598244743371731293651536
43 8 533790116220962019608937381636217318409158086627059362715956406817062221867040
42 9 -222021527480977812128486600057479222690593892289789680644715961984
41 10 3104966232909081313147552927362487401360
50 0 1055417387217829994202659403334404445500413414054759890899743114689766950432620731767022516085735090881095059656
49 1 -116330365693142281125328568418602194343412091255460985047041564907167784226992770659469605767752127738549128026
48 2 2301890966618176001561204002222227500439110277711980616399885028731240222100319951175091061214456138333464016
47 3 -26735048043256244718979264764307418118900804663456644416885410716594729733028952280464636157406639744220132
46 4 739996964731546860309635261580911815998857899242930332106054701662694711609913153626932182446156006958554
45 5 777409589793179187515532280277828717748454578342877429923203509380688967877558794863450973867868139
44 6 377450034734609781953974010955993320166613584750469784812228088773744769624162253708535889561316
43 7 74294831080138348102646495673725224519504385541085623833571752029960327253665873348762656
42 8 -561094863914375094560050384538971136273315443647170539679592469684780104036078594
41 9 4560538876796730656188901233724853643111289950853215990795449417428103
40 10 524523167748050336472952806797445869967314554520
49 0 129437072239536835684294714968596103619987020450488432946711411090723242489300173022723426008705691393949318737864
48 1 5751541718957453891900009123709139989868773893788239363243485797648494797164015376428981619621483745819010895256
47 2 -133556264269194412532235246853366284913629684326503334391968768296543323562209983617345686949424397496521798720
46 3 3091474438722879708582196040953580415564996599629009713505607523243369133386409047853102820105607380729163424
45 4 -48541704088160400782753075600290440000381736053200629342245368957099229226193840015014228785336810790686564
44 5 -71319857445113930947893959809949706485817558443376833705585467779247424132071804955189097496998527944
43 6 -43174029316745426709225518925417583829229100096758838280653530141244579841532487680779808494076648
42 7 -4356295486003478862766959423677324446705198148582346815711320725184372840677476240717730944
41 8 -157778110699557398565219010736913822822533055428650446289778238470412478624482865092
40 9 -7811839620094128246484170746019174637607803390099628882550591298667288344
39 10 1008094587846308193881627149014801195712513520017790976
48 0 -11282239737038947476451137806649645207434820864632235620924377163248351044788406200976990508853799941502660992526427
47 1 -33008846339300203693528219756063351979433625048493516564815951468861993822388225145306950936101262820755157699504
46 2 3629761721284081794583737457971833424930039474241849478095283625419535204533071022417136814383678435376763221860
45 3 -232524195781670357991812081459734801726553547442445345621954911015471299661417977625976074740813778571468248004
44 4 2959303108807384207577543680024279648937548857101160233392997019194467630115947172952197831074081132122282663
43 5 5139294812258011782698032520351230250704331587668722838170047399527515920269341358775433885644040826592
42 6 4498725776573662356296391356455565716231141475999686409564620408736651708005338897804127223153917875
41 7 -229278123181287105297567638596050956054600946092372338159606634216296076309123043275842823624
40 8 179157561841546764822902403976296316957755565372469654994909192657107547634905442224217
39 9 -14741942570436372264229699350916198602192401597565460238710881125542819956750
38 10 102814653297199319785921204986248998498363144179046360506847
37 11 -664399170758
47 0 393766610616908013263381461745732236956819775103958462314963979629664357085617995949809336969038063608797598118408980
46 1 -14467842261430992567931383688486904726406515192796822606388675503503426225137265545243417599197035065860878183747728
45 2 157992146008058510130818657068258407271390014347687723819091219985084269119995056021486390648224822180111674607040
44 3 12740054079996681022522476711557016365216893120820696404569643244826695369981759408393051484536456137553287505936
43 4 -167505912615724599672091052656368496456323675662018479273775753089219028707278493528370341483664863943482422872
42 5 -278005380435865531928273538699051853517305743810853527477012898967035276208140784580798355077426172088376
41 6 -430136502828075672208129004506619567884378023457392263941590726832315708329312672901688752790493539860
40 7 80955542119279633703003640494281074966531992697543616327162267616643566044267289833363158207664
39 8 -46439150894968695563805089486990698528163325329175727440236072488034522073559492029661212
38 9 25387969944391116966830886522256647648351800468317220928281729367142235014694200
37 10 -3818345626915612266604559362976279777137609649851539873810480328
36 11 3188465029838001483694952304
46 0 2064709493546357096926021513952038859908913694634742658487907624245185484788062998337821140981349259780658498355329354
45 1 1031368655863044056398377783463896244828192259469229476056111045668623243491679576615408217555149698908382106532722018
44 2 -26392682982141831479686160601991342719175227107916616062340445098756881190033051874635273752473220888669819440481456
43 3 -470227860057608485972717636749779795038773557106560739742000913659649715185815528797110884345298671931944401053548
42 4 8789288595561679432142288409060808087501566345556901987867742032118692435488209210511004825213219878465617727868
41 5 9009583521047528497199207878392485105000848821102284294046130062930421237668786282210121127180135296034368
40 6 37917608988862485039899634860672174536133973776150275814566084610935697263288502821215956681505621364982
39 7 -8291386579485229643765982995602036406978465226510426500428369698636807156221003754979303601422174
38 8 3502961623573970493792703667458347034704800929092298637612318886664567165811923592455450426
37 9 -7123525155963270224521759645292360135715929698998007526854558171549509275724303666
36 10 100237923004457013812494485279553533868991800043298195714391628069488
35 11 -511431460320436243658990309560041908188
45 0 -968444351350015781579632100209710102620777126913512323262939835554442280338342862684076667933134262278904620127733249608
44 1 -29136707116539855982175605012989480900088485356711349012958649117071223758183041912105182481541154022131516486631629352
43 2 1761928258218097968554889274399591943137267631110253947483718503421747191279304829448187159060273164386055021156460232
42 3 4645483825951941294040190616894443759053610572475380386490208296129616918899354781470544738379753874977347487896144
41 4 -426448055382289705092395258237117885244673490301182021197088517670776212547760020096808769683919679803975712133744
40 5 165887693062903251873069327427316848898865841516904344863755030224873288859132342407027347963239615103940976
39 6 -3074901660765615146559155933347082296590472239688811272147213463932011000905754197190165116028786723089432
38 7 -20945316169090160396911630647052514943118589454598761683103598172436808194942210569411133213274000
37 8 942940457524983617352469151054330501930114001087602875172075463807500497083621265072577765400
36 9 -2995267409549557994289581196878472190250065674562062580140422054150641257097350775944
35 10 -975032100977925560990133497837968780298911896579512851589204413312225456
34 11 257841770821904962313569678344093472785191812000
44 0 50380881368057471686101468629038864179598133437407730501259454238771501161562640823537801119602889458871384979461554685879
43 1 -604374620021618448122702533668118821108053327645279504453506349754418960968199820682536602673378256328030510205224220268
42 2 -69191933702565218985357321477325606898213634425421327531005785645766587594966377503524748183137503611604211680188729685
41 3 934379985593712421254721673055931459827986066729858615292488398148974883451391667946554103680076337019153791659847516
40 4 19066339950377253932310896708448479741328946395413581248993551402100670668682160719226622855153470650044980328770010
39 5 -53555293452945764772802913526663003253639443691447192254329251742622400991043665750649182906295052676799167372
38 6 227834694183184575662010860607447454446376642964066544005338732879347478022233228095578320803509708364307927
37 7 148611145227817644166125302009475853708474222490866891077129411956087305807985963723420858173558667302
36 8 -238989190008374923418846811355131293061984855766701695892063523184283364864038695559580892497722
35 9 2310824939552907672675993196370065567743179347821774560695481789014902109723447932604572
34 10 3716421900979908855333740630076718984661282380636056995665986244659317641623
33 11 -2701038240603356799654713092809201400896311844626284616
43 0 -923291782142903943770205420113559233961572687398929180598025614842700310141094610788037283750914408121077145054056274822872
42 1 100309895302194860966525384414812868683248828289516412791839736373145629277224236437840652918257147257177835599723541695912
41 2 835097249883832055309318984991127258879602536756887190736359382559389596609191830036990038692748622540326688051445224780
40 3 -94601084548033737069397330483902136405566749137512510689742446739233071894917344182630821975572697727383992841129154784
39 4 -782368792490503966534909356256159711685176448609656922957906800419076151802955629374816243037878029010234969922777904
38 5 5014297087515280609427211415010669948254451344182004905170042907457199158345215122727080884627361620283899860072
37 6 -15346107276647585662380254330988518306069481425750110596215909172383391874168513206627892478678678722323926064
36 7 -25447512497433126834813043419803979624868009168070674259294421703225171916140451362999427366553297925936
35 8 21269197225228452192741130250532864487735637960574926533736925495677466090626554260548806073245472
34 9 -476453097034669169008677877024445614821210801516250162067188161125093809285085798757304216
33 10 -6267260707745383464136818048411165308320642145164504212658011108906334941166268
32 11 1670087814816180812112277251159258897101313371992041220713168
31 12 22458248956
42 0 -38790697150258097924377876434810075577864916317593967190611930882338460453490908686214689573228844416335245649551542971527630
41 1 -4804206897668922366629331460161247871930465958621890840453806770991439379525748220848665598620380504758914207836950332120019
40 2 105598739396930601121731849969004600389855954665651894503494557639061618496863023581229521877249445798877595751766751865930
39 3 5791605018187972396694555839502064532442137046175625496017815440791744169070091921528926562784674941110478678707208264028
38 4 29344602053822382048255814731220970726559833041921802625110832538786145615394392043499932875114979310359901639590772892
37 5 -324784311826488050066504170061066560931902641118585874785789280190982026906889579817040646370836829782574914212062
36 6 939896845283081485886687889531030824164681412648436309461467066859497598846520719056724834824950267889752380214
35 7 2355010701734607343022854240832434486175004888596212819534987363788817469339111026911528026933777257680553
34 8 1102339019729795243626851506116254640132017900320415872076885758260475085266470311884818821607856106
33 9 32384372057965878545997588504232020537113603164408079451504277026382550275868181791075681371
32 10 6783687620813332419691176026471112303347201521493317867733562387281733671356536366
31 11 -116927124462196490699791429351890329515140091345314543622871127388
30 12 93142715740663662303719066
41 0 3395931216346399255323990206323931156128181601554159906290850803114545765586222251398088383311650277033367083605746065449570644
40 1 98512398878445919697631948606087770899649643984620049198116361501760831523635657183313670537744309067337679423781430168501320
39 2 -9961716468654742601327131159919144937818851238268676833067974872648300022725979062460758854512161488979356872358699806772224
38 3 -269565206805113802773142803762602482564329836506655235892270913951024071495344927073272600564933337357507874092921804475024
37 4 -1002246316798684512049272346222423827398775374239300791083624580228211374038822929228980811231678074466040678203893032312
36 5 15782432308992801413049059286184202058655325372106774054464701784316530842402411997089682243614854292650944669559048
35 6 -52496646076303634567673944644183208669735110904331141376415676095073300795755388937096801977903409294384697058404
34 7 -126856996523241279087914805506854797827669881211095041480430710660348255238853536440488731024888932444459584
33 8 -358244135896361100349951778287661623249880868783861994970183689658473535025246898600352712786996571492
32 9 13415409252092833901567724290304992625810446861958763225964687140975603495261613759017144352024
31 10 -3355349340820052043086233764247051193310261201385212202595761685718556381742559236744
30 11 1551898401008076482865800926562843205178094785158004099574895403613872
29 12 14119386594048842687176778922922945040
40 0 -105355371658989880543287316178503107407863483415189256542428538615557151417034184637976251117330714812542916625191253950799425588
39 1 2288662569696382398347539148555998928749015347076137385565516082245376184107992387363621676553516676608093471826101693586252912
38 2 526505832537697297208363001495344076035149756207530232190985279814233999731431156291866927550751472685308949285964490217556019
37 3 10086142251773665552479089272156178093126446287736826632803346033286477514055117349007032049009139704818976570006102493248638
36 4 31062486090254402266243942312638983700206290442083255736108944015755958400717731648990847436328282472375647899304166797047
35 5 -538473374710166424753476503526732385301543780933487390711893703165119307553864355231437775664356352053914859814915372
34 6 2670582906232555045936194001293119366866503794114306824395065214283475313725809556646792508291640968678155480839500
33 7 2668999584362612432534590859290676183963233248528532996049916633801938845495983413467276821322029563859211840
32 8 32937467349875086463081165589133443772745665058791223124975088581483538852194112406263086322764029821267
31 9 -2693334511974538246661853772523903997842317698280057702872116700219009010372521105095025770213860
30 10 2155083504565826149304973182128697749169481058459424516640161026448180364875453048420083
29 11 -5892722490770530486678156203320963928301651990988960247520697490563818200
28 12 8321565502022589021124213103419946680216771572
39 0 277068791235764710970191668238133824845407772774685418628053692697873639296032473203955967625476215769398847544163645943092881508
38 1 -268974761052989357401912458464700297263759731475702695353953128164155765986610607159222707298733757148759075293908313672913367624
37 2 -19988519662953105393804684239388247424015093697534638270304400713261975139258012807015473860915739767736400136137125687182268760
36 3 -307051656081864255833527159854549575141382869305519536250618616325444931359459574966999511315719909218379967364961476273013312
35 4 -870586776258536840779224300281922079884804435846335948677150389182597417855894993464678191292101486319857040484917072682484
34 5 7821475997939963340690874331840364764754786603555954827995806732593881630954512364420409494539743975916326544356141744
33 6 -122575482021843757510648402338521806381697317314439939896034472616969821965031408639905381930016409188450037005560244
32 7 190532523653181198720159464997726488001094568979552579466938449150635174582663156038953111768533099816906839808
31 8 -529778618953593586973547145743524616651424180439275299250026942718778023493303383015502150857186089741856
30 9 291016225976373276655764805412065095565404206691936122212088477736547454502585084344794468502510904
29 10 -251959442818480775616195538195008660462951610708646439592241822961418944830666099648086768
28 11 5652597492122324997399817510625098109500033369717699676195987972072699209184
27 12 128368534608490567310366631653703457634785371508508688
38 0 116242402099483519933316000713224726806426433645592633828332716970876872290240025090556604376380126861807697263188543738831379468058
37 1 11018297754693323523197893946171941795101783180328320060069521523255011528241594316916103318630068806051450688774881153683522030570
36 2 563440090417398776924141838980878997630723376663787981945286947702121294514591043494704870881664626834497956940769600137451421754
35 3 7505228952887543034378384699740182057430595439046640481806678465265917436550626626673308743151489629351173887374344255472703949
34 4 21985806803645572890679965281170443615912244272054109113143023421842584127920390074790328441297300159411041500418826975202666
33 5 473010411540645004277625967590177492580753501513509358863931555035812644677185528973454525324447676139836758389500204608
32 6 5006401359678778863510231591544242473058023627282381939704759181984656374102473400094446451462571359485304466216962566
31 7 -25927346813968249259679566128886358461544203807594970128212094854210376931246150951899961449680604496977212331834
30 8 -108586432607195876966695623830759218536156554400651317914864841747159518743332576579865855045692352187026216
29 9 -3196716900392620916664719217983054174402033106522273199795615850751993837822530673007376797336796656
28 10 204691026327539888998253646566156863423953176837017062792911476180083921468297938996645872926
27 11 -15085397311184017987117694186980177988538798856456344859671568306831886248383469
26 12 144360277934917492635702529385907003252848158723125216367254
25 13 -511149345
37 0 -5190959472976938405696455637369540208028191692315934725961840750740092322428170728741603342225732581031363992646648995091468167457400
36 1 -233324843178052652146770004380447010331145801455166849514427746131963681772247885560752188876901634401144407436181719987357453478080
35 2 -11050240034713715768895227222284158032770394705733939414064210707722016479611657142418927808551931860098960235363115951318265502732
34 3 -140218731000245190232560836859713007110146253838587735102010106800461237926477702774201505791678672838849930789114646653116993568
33 4 -498628340886169719316939303984873169181282645349527885679541439101866921181849135124821611477828857345038307708965750458687472
32 5 -45614690486859906114463730075404758842814825209893416355695205815531269233487786220736905723034936022469089265073720632984
31 6 -180137840635940176433279487738413109150661977358184967560742428018499045216851389513941487039065690958562071982677029744
30 7 1820853856178085089819720856583161175930475397652405097320109814839659620648330371628815446782792644973720307351552
29 8 9240348133519011693902865151298984460494744105904221265143657433527811503061753487598756650949640328890326144
28 9 -2505407872928703202976907496528891080491250028773587386016331608904204317776702103489179190296728993168
27 10 92762305457746323344296614054935538402416637904160884079919325755728781021828333891378881508
26 11 -5086133661881422472103877548140807473791370704890374723401415279488512180097199840
25 12 22357055655318872949319429077344705324239637151208511863063870460
24 13 953208662497800678965816
36 0 93443205124045293475978103954161537022570827299279297251725456151824984875617065393667392178389903431977998297688917318660661728776173
35 1 -467697061560226148616886738834566367440505341613375038134876499954398971329435336658637725688734973304425606109451477363960634579412
34 2 102465003540986624466180878878234517125357120551879664060506688278145618276568077427091678532081230076203406313214290443031920196051
33 3 1695056999138326016035716592990557221226089828817238848846282336827235319236964106632711614808560679223784357065303780533483953448
32 4 10132435504795388541066605686542868582239283611692848017255565213259512008866567896154913580283969368510714409988883858235635201
31 5 2196234245382545917307879765741530415304301444772279354717557676494116189019187767784907746026554731515625373935431594765792
30 6 5696025480816993555664232746648757258647519892609604626116714602149215554736587391914473397467316989829162831041683320103
29 7 -87320430828739299009318762373885646848638825777884425402176676807894200104186004622403500965183320640524147415834560
28 8 -130373280274887149301370715921507791650824781127992577043446371436972913048540208751844362118669652440418833280
27 9 259612591236086042404334949653304458513008393884980701339186246585792539710924702753861939687655809221088
26 10 6010411753178267116115073281791650435673910238469648936899309628956124513327754016007278820497713
25 11 -797768957486171458703693534185740091134316195653454259604055200932420294328108837874
24 12 732940209953334843409800370036004224495642527959514801819778153525728
23 13 -61566133757613977694967302178414288
35 0 1021416703151082548302380884525994917342490239223820379954680872175908763969689197209257298140953213552083628261083250607253247452248272
34 1 240382021971094381226278493315738935949844345631188814240626170938387635711424730449807422561426745909244572683631523533727069108896344
33 2 1959738304349192453175472836978971352805965501113854655973447501338792419074827888072586484543726587708415842056155095944755164265688
32 3 -595595354827274496090983821931045940497264685934343465188708686720694026813338512924910411358224472076598320344011371527966170464
31 4 -184116367143174075875467155002720642118249222497433764875770203210655412438958737632227601487918548778269599903802125581565629668
30 5 -72169710695705960231670789771403898140288691939570931731909338490056124374310800938402146615815500908843610994999976401011496
29 6 -158153959738255987007097195844817467116307512055480730878563343950498907725983381896861957269425642047404426474514485107192
28 7 2862432685683201915761525560875012350138256370409797946972539174158729705378368785443922929414036560537465014680981184
27 8 -17603224040582139469746872205580332342817703166424380483084577441236809341997533407309508272755367867008757894016
26 9 -13873223992264133816120241981391837782649472274246088600005176853863090485030213217208983948657933269049336
25 10 46941857937825512832653065045020986589763135450487650243847328169652388873702900848282757790665040
24 11 3165118425120922942433627860823068439344095789988259727102281235581710893502164707371776
23 12 6882073971531530705251632274432741529852621151880495673779469416117669632
22 13 17048407103306897693914975984268747024813776
34 0 -112779377233487367156913238637712865535275828213899106177361530658670499315489259575077511925755151488834042560258999296575671394249000866
33 1 -10078172697425351877670471934070705816846110118809129670749824198750302604085352545162489737548450950287297928914487940406100406214105015
32 2 -102579754122762464395351425465300838696450582592033646761792145624966863686117791548969019496604033839324929816063449205434402793224844
31 3 -583361835391299832843544828752635277885338938588598847535369969590138207021039204895995227853105327891472076511591792470376090708808
30 4 2966454874297764627703599082310421462911108180753972203746035258146883210186728061840535562596841672980368236823709116917717308448
29 5 1655791166509011088926382882258633935228763800981946048969495324841777274591042040164720081816782852788381598263013797690020619
28 6 3816272953619146504417079012274499754873345526516149535134726322226609966819157021093345803080431741081917254824146185554918
27 7 -70899607981653209645966088471022372503219329563696999139971110959440127011313611166048052874903140344291733409757022887
26 8 1098053811427763070800818283633509592812197092177429596449812820032125575960601888991501100673850290599120423340056
25 9 -49612902445331660046935153449380502678598388839111264907011961017947250963430306760138867784508584475969196
24 10 51793051318907205852538317488257860638054419713222410498357540331720541095650694637182298556445251860
23 11 1126928519881478375915167295795391126419571003700597560397806502023626325923111681635954720
22 12 22944705565693171794879594649217621597535879832969089026656086460536819194688
21 13 -134742468568235496037746104467518918116571534068672
33 0 3354043459350703040672654913262615112695732839117011211540977157068633240753060556688984089962875153508554071538629368695895640941813257796
32 1 244167050166724318638965412852498826157786528462537009784952523382429272885584108586140720878328628378614610872076297778861744383496659792
31 2 1932639923791279377582515188773399637228199886913309294080534595896666425707239607989830404033781436883295180593939457394159941629710568
30 3 17277810570170006590533004593236793339224634273771701891450022418243306480331675671782823169522825083850992300867381889556443823673280
29 4 -40937632082401159291347614188467880037237440567722167029347529157734324555805316063811540498447985662555330278038485985198547800348
28 5 -23586357025080836234578648721547163880059623185298288289230370975141469925885490626934157962329879369645331941489062061408657832
27 6 -78294748545772516612005995045530814131600910683124517036569039307034602195743610701491446074039125847030689842688028257588420
26 7 1747571888364524632222864298037116932926687176246352904878572486921962381784543686909716375717828359482375154378099405456
25 8 -20834049224058162156144435571819155686673928377340000986825141720284666483479469544421821255392111268284604131944096
24 9 34589741914832962400935287282552020591204509035337354555721666480695548307425919215146019819943828338417065896
23 10 -393695453135817634349716061597446577675087623024973332152046031300344475574026628214485439704258721904
22 11 162292557105271442320152756407862546252300361109431976022620165592649392842983174879605309712
21 12 31589070920768551864860740875908622324134977575929301529521641993929668939448520
20 13 81031757621337420634257916650549115166271761554788511312
19 14 7728296
32 0 -47252881696164733700624753447066946398907977370168565086516439793975148806223780929580802667980047833373059117178492739067164126579000182975
31 1 -3429484203943017895744196577063281661975246017270710064412129349030847265785200957809496686336282616662083961447718231825330010690514158300
30 2 -7265341241353866753725514129972367798132459884502705080885788223950149851937101723160733002246247586449543498562705752825119918181662254
29 3 -320206388145336804517931059824984236594753695993317742786983923383479953821295980201254612737912074701590553058862923133575689674611150
28 4 434902337785736906467288697021352407670289581107614287952240279971267739828462274743506317703612018575477639051783261478144514068644
27 5 69026823575351381689554467504349337853215883072551990383621024358339456394840459418654018970388607521382585293930584415440444928
26 6 1339668254080139989594942286924976771106283149046358204244824459295464306746733972664571665647870209259017362458312448910323155
25 7 -39312144877598867228340549597510765675200297175362200660278279430291908362728142651928916862092796936296278538131040437098
24 8 -147098614452882683601862294190119757607021322033629351799942000554576958359195333205613609352929423881427330859084317
23 9 -1770740929059084864006976927620586650049034987901543261814745278263946174174521369221644933711211868821320774432
22 10 139265001452288549302945978455272848850626153811615663351524004621845738440934845913405724781912162518000
21 11 4388583148361036060566040476682739711596816185196709947331976047338781056694069716151961618236
20 12 19928891302908663569674829739123659159915833870283879331642294165084510700887874563
19 13 -6601155296331848957827916031691338468864708516784224709262372
18 14 2938801927930167551651
31 0 -229228914302244282144103782308594215511092727431835631939931343940009513094376533540266255329795654348401989194497994047695743760603074109936
30 1 7135558710146897245473748789302840061201552788971327978707855028057682390263122116951872098877483828984008928477973044060018351124322148432
29 2 -590857127275488088212380476897520454949604217590479872255490231724121024844324241639026109297200995545193565958864742110066341980450875416
28 3 4426161056452168170078960879437568817210832184719048496071366837259700384006754514637900611815834331507036277507797385343383942589989200
27 4 -2426899343096717842975987680970309197687772747911557861560228763513405081394154360202791740398947835771028997614252592664571614107116
26 5 5835638046318464751483665851007901833754687885134848141009040964665668699623876282680039846707933984863802572039920192785146472808
25 6 -19063852827815934384467417302977938049559353848415585223105593807245754451585610509460669651457988062102691884508965102725338248
24 7 584887801837627996351717701361128763343692367716818170432628388357111021845136474775877704292015745688603216902114781860400
23 8 8156872832641216414285441221865340080313338077090842205554441038201357305691259714022882691715270282661032931868741388
22 9 27258821509774561778549311540909557067231290152393037020740875014269158326551858645975870272495853362581024649648
21 10 -2596887417560482271977008710567489462657518812810943380331808655538436682080076760655559828676590902679344
20 11 -472959908240457084494411519634836476165414946300225998874393054164195604677374349593001852731408
19 12 6170664558303241911152956829960197248130977267190235420604489753773643074977259671732
18 13 104669056392243150675152100439915347922764071353820165072169897528
17 14 30391962016996497358439521232748
30 0 30878742497138748721553295092462947095182810455838131060993685425119839315381012458277905590212153641755543149778112122782492586870597862688304
29 1 870645346821881641341484813320846709217866272033705741060174674933256593719625849419665602458878473226001849334113084819335132893513944116116
28 2 17900041564242599535451077847733220837539775289377821649508190843765968879732062195559115716990452599152059608091801319812222436792676050916
27 3 -48309650582678508331382243369761713173407221499943915103676792352565180667400672957714136312342002833748996343685120319905755267707918830
26 4 -13403962611996666125710969772177720641701720483728856922537365502794777329865527472620988220354178695425576657728796271787137492388496
25 5 -161568439307288326862498194287023110980945987836278171593957973540033515046320102942601729189823310445014448872039388191987819315821
24 6 224237434677161853962624095371132182547063817755272168941241457420817125319223974248804127500576918998501804060949866877504226884
23 7 -6786237961444091479445303488795727795907328062176727540139380908641556835201315964965645195509481161008182171514002004991134
22 8 37556855519257924865307384329051576043380745316847571405093463916853349280792754499470635657892679642620480606517731834
21 9 505906891205385157162597270878761173184568387008286496996752626548524942854381650424037537494568076956335352617744
20 10 133566980075165239550051787892340331907770864127815816015354768274807999908812341163763649816578593771512180
19 11 -42448799925564694234567840001303549473628245198108174198715737787241333878817414071593078226818302
18 12 977618459710176543358486263368356232138428704006170572355292429015926512229467068991734
17 13 -409313202759319158236746176057357914192567885473047482387352241267584
16 14 1318698385299868147852514172414514878330
29 0 -939532842486408387247990423662684012498879995587455660099577638924841250349929071951092043740462342904872186357809806955888163928149806846682784
28 1 -19855145270384800568321604560005022724572618363694160081772632043450998398818998205120286036151309496928518733965379403980086699809513340682000
27 2 -270444294369778187062810290881122518198064871380632655072347812041520733584780348968738390096425425780774345822174515391909445624189967123808
26 3 393494054888308641678301964913873627119513242889014603047787405997800438478308813401164160172659005130385118509966195920051879571622047280
25 4 151337371844970149869243756727942221745196996443223505601159823195626497566627874083885517446621273718900830176921445859349440901056660
24 5 2319425138721124421813763495604352047466646990651123925068009860982161619211155442569937619397326369359270958090452866295417645832368
23 6 -2103538226386032914851246534597102970536721015090882086341860923476889916990233414332305861304381414536323872430387175892928356528
22 7 64244593673984409669039092579130926893861761524127474454215435456784546677839188810918206673220316029934643657761262795235056
21 8 -3136767025545713861886899369556209758094339506647804361463043772464871664881655830664359340944076816502352696830727583968
20 9 -22248667675606582301087315659130154604271495435990781535296089313345442282718744410116131964231872292126469488388584
19 10 -2407723063410776472985857849274671351071119263175410948240465256014778134495857221483214894145759205779555440
18 11 -828513985790067004255048445818039804205695387628337517102946531746231037269731539651526356890500432
17 12 80790865052466110061176762977514576304494835041348391211778031322112461546991518158202488
16 13 460834128813068379002016663802531312658709055639915229226964054554881616
15 14 1540278778820095880119885860159628805540540968
28 0 19457555846567346569004643622155916969365247348314961589976424979259838082335322603254841897243023495371128746497415766835493180378627528454991268
27 1 146187981476909148017192670282007686229173470205129318077541945940769297077705699568834113383143674454420147361684029290250266185623976733343148
26 2 2293275393693627274606122996763488410653303176232352619060558901930501811278534987289107876501310401063115982004772378974713268145175192740094
25 3 -790838565859080727248825273785194626138551670532499211125992725982677601145866085343248672736161174575191924184988331715189776976194718078
24 4 8993118639832183352529608237717123790089540616209671785408770178919876732674157102064315891811883148461185480648666432388316664277303151
23 5 -19917242961078823096625551395184154094950620651556270936642892576411155411378729599725894084401344425342514506446794018480931401895434
22 6 15401585174295004856621942960640507450333852648426105942808294465987343289873340897536802756684667955990351674273992257361242185295
21 7 -75613323101261937948053707891824198690547169392738877696472467569763438899408337532008798636034332531585621427557090369667464
20 8 33184423556091345394080932832139280825942605581486387651188753359430128817094290324357073305298457861599464902358386534662
19 9 174447296633867062880656097008770577673263639758829402252156127114066438779028732895396071880185136991721726776258940
18 10 42553258204503024647507391647230573979831039019607955980132056027533540434021265449485410762767507301807346017
17 11 -9494639517093112492452961266930537532182110852249091582253535923945952254020854991217764577640930724
16 12 3482110178774721733568851084229253288489038624402225871626617186811937002277964327050431015
15 13 -164561424103255880996430917011333846352119325359939324351532838636843625298
14 14 126759800126339489554383925831166330022570020128540
13 15 -74366
27 0 -318412603663372224278602684538632063140733785767419812706437171041544164570503603768641158318378666655693762087294600671460288654428565174776387920
26 1 2445183514613541317570812944556221920188400816475533681369407237483800444324583498156708680966538578689683034389960709881042943790813661702861584
25 2 -9228478221666502508873148190969834108438862500344031351439278189559831695185729478615206385083268692006857344009611878824278197644851439387568
24 3 -49018211900875829363362515350342043723278925942153038765174257212119906484209075076740936861712475179630050476167762537854143799121720486400
23 4 -218793559379500735172711602045165516404215711827001393435353278781810825936713784745960456930895308426872238863565972778084832039896684172
22 5 113310899750300969348154924356027393074723194937786867343383663826727235293893732756442091788248994874808447404705920911384732124115688
21 6 -38860366374668326893656924137212076503522862105028295287173135912596722058844677805174396772127017168648615004154532891397199567012
20 7 -3446594316384393999198165175967680431774511988051324803561910493415166789266594935655467545068388837509805163315173044435504256
19 8 -177325585732089150323897835752944998806382107567013987230005005001283134828552700816748829019443635888887140322640830181000
18 9 1176586538293351490797396812423726803419699020907532154454474345015354446733538534447055614741008172594053832424409016
17 10 -430261204751344933387769921694908250335782838055922631255880077692569725492544453079158914721939846186757457292
16 11 103983667415591952255348400214601326491873406696674693567552329416603345738561357040714882005538205648
15 12 76779726644502764932183030710903751607345373989368504484656226894589133355615113312327690968
14 13 19642961167069167242387254749137116697767832985023107663171521062373299317824
13 14 1193288778619723393343896918517527161606893287001600044
12 15 1821426481097746320
26 0 4333163482506946144058594622039378297603850942339949530091349491424679427249749254404869056534788434894602856134910251355238171462086122122944199736
25 1 -84660115405188562261618459330739880340092425190855059050979374383926481112730953256513857341895846265497733659896140023872662583513391530465714264
24 2 39815752693578116942465828551202309165177055919121222514688563181794160224293906410335320554457866457570194025684434810702785806670085208584340
23 3 862580320637513096918734797127908892954363013568204659560892549347294227758131545397814608313066742759554136951394213549396923774553269926080
22 4 1213237763160420906855259456693673314861393592992932717291843227041780885000076998305208304132872763045370601409110623481355913526766111848
21 5 -348792806347824241150406867911710375820282424056995843289125391269807729498854324370736467468173327764614750299265337425026050836459251
20 6 675123124900763458581522011006042740440823091882346478059752718450509995056586113494900508980432738570270406907243603670590307441450
19 7 1981994336017727307272557975966812958719731484722275037940777417814534969533281058912701695006284712793717872482472939934262816
18 8 892494103896074360929796340208469468654162954914112855053594736391215077985221573360823239995919512153867631506763935544234
17 9 -14230098460767817828936041090135536779926975014855230502100438632977553910304259295960459238358123720588224950246801029
16 10 2875804095404354713556131868940888162156702787932041133471704243948082243327697647949248746308351432352716002894
15 11 -803676107215963527118030870235879736516719239591604819732140754101054808410006332169997889125035950560
14 12 832846959794706807365845916768632972397776262118984435101005083473691108560417667197573503686
13 13 -796011790714854088885910263472225195443610564229467152299039993892022923759107
12 14 1691621039139680373172795932461197735681742723022542015968
11 15 -675685610452114363272499823
25 0 -50123288367390988326696483272062199509169927602410728958616710089629883679767419071432667218405585855608939262055204313040136932193624314797110350288
24 1 1199928931318656654292114471106479000704149568486374286845423546208500774216026432619750347097826524174118735962350853208496196233290005309475749856
23 2 -1185985378023618073283019230481963531607452242793052663207911469499647033124012741748184089081688503140556563660777667577951784855174844206201432
22 3 -2845673288171571751900710075288257407344453725023661740613322771915747091232131674773374026244019650377430171233034738542894672595132162852288
21 4 11744975835640156717832446491165841148887219453528783094032651461430913761577504311009911593406112740544531562221800370206166308034414956036
20 5 -22114512425369419837566699091592795272413172929436751794701415942990601924868680944939846509466326387485688556241080447160117057882376104
19 6 4783396750799107781165382784676461429631844623866170927079949500811825055508972436370097874526639301472247537142782924355624326392536
18 7 -271790791537100558409984589048950427693238647783806418353509426512130583330191514580415819982622068595737424207997679614926157584
17 8 -4008645719234484950828886668187392462806952289348009843911682011189995309615887331212328599287278578727625271591272803235052
16 9 15294350892373156077926271026772179647086695259410179792829477138056780171422581432722570292787332611959179730903397256
15 10 -10799807016088901304390632474875707223270140990432489266928467071747833035085467932953833068940028035341163943088
14 11 11901327148889185189814278894068643336391384816412748803722832496255174725604830346708251824073037784064
13 12 4177485118058344608096200719513271671630582883146684850045573500943702559048952439276961341092
12 13 10749433873264707762748815909540172982626694561035200609829384451382097523858496
11 14 420185605437117864903049048803155354317842108166713903783972
10 15 681269574271235273411484645026800
24 0 498769450918240919917398498851834666542237840923617183775498203590170196014216262490143208478551637636782899252237959579713677364909478015397001452827
23 1 -9900010241708977725996177810211687311734142859693679998282456818327636921005643600810406891965899613280356168734078843851463766774767378366510281716
22 2 13814576194771507265074884964640287072846334309733178338115993311241700111126949897077993056572051108320616845749804321761102373913667862837848014
21 3 -83289075634407627874677000090398722225596768384082735117913844499188670451654480220435148855244821111335291764871274126248597736182123232500902
20 4 -20602313395815397967051810840875080721547506405995802421218834699296865756996393821267768219397159409999384878865128396353654715763267883138
19 5 118204851091819768544824985473144911797779126241490867156360902449969320533191755662265495145936613535344911451334211772024636016485504742
18 6 12583918867511421232593920155149199524709527071877542240723960216730570612525044987546616674626181723709668599962526062318706364447728
17 7 253519184367518204272891134086291869800072488755733534071985687495149197154524060113536043877929102452321802464256379628673287678
16 8 46038032690352111646434444891210077444908306319375542153973409683505795356188210989306342612998644060596006639504198474116713
15 9 61396404814589628342463101298596518591334210099466371829543392920229323733116295054636770169121914105614488568391750972
14 10 21036867028039033780176370702991814076732860616197098181704503831359904607988901139058389597877227545024615542547
13 11 -53038693020452864347521928727686331296929996346390046016837953783682558539616412778786208500935864142914
12 12 8867540872591690227833129712487917267579998628977240482583073711476525900970910168977294293907
11 13 -45852788830918292676702874411002012884642458321772994067217383272733479047597378
10 14 19425485930485343130475933640782236281902267530846413370613190
9 15 -17286119041269064649067838374842686202
23 0 -4287206453976053133513376771179573043330855930626907364795727820409963205080020151263039883261440959267467900036216068706275504220038953194357109254228
22 1 44741719561907935637388845291343101851120607433432160780670898592391373450738967861824935119501537146657600508655722653949792743892885578615119324304
21 2 -18759246219134189830840463501016082371099358933861449291126606306885515290041996262803170739526765060748366380661832091333555254095316598353366504
20 3 938523320643309819487323687912529543064050746677655769618801850125048158708260290441710965793822998163086268076604998974002767718263833269718864
19 4 -1332452675544144460829326967643655957656198624108228779425786012849327634926014350320838446039568420488974123574574275769889312624006939252020
18 5 29293926033221701206419078362396935831116679879816757275370014894734172088758814318997799554189085350924630429296271609998227433203355024
17 6 -25405867384813050111738581500692623947754764098803490886401085474558998762369340846554492361719107222748881025134204181318542871201488
16 7 955110667378522594350262190175480686005800651799217642498742999631245960545799782511747442818014350577875399514541223568159485152
15 8 224106868324525468578960673973317304173533568198003704542427679718539461262340717965483058094572780595129690770542170488504748
14 9 -72452417931834673247630400029708880556383473201811306501781982628903904268983152521218720659745923728529995324182398696
13 10 -18253755728947631159298545645797777803901392311954107546743034031349305048999046033440912552413924745485160007464
12 11 116758162844627262233960315703402032437707112475883257794658854001788316338928826135821895849886484145440
11 12 7058021081493268679153681518635231605230078475747300526636268319081453914763672930527561144680
10 13 56307876525625217754153262837976655601932673418825179572647909248979568266699664
9 14 164490266868325442389620975193013033802880955011986631871382132
8 15 19709909044478528751728640727877687056160
7 16 412
22 0 31622047262504670289396525459795706770507666677008294133744542678510716737185011542795543197559981487796114800598081791631068446477915312203986754861290
21 1 -33586396942158459784105498847398629586724126083565470978528235869073524847338790203519395787693123982048587226130691276417335031160018204501971165992
20 2 -620094815568740966850729751196890737694698138637173524137844103234044606380571112459622156261373892911494228001055951981303606830522844827015777524
19 3 -2541814202118263621265287343858260334951506268244492504450705932293231833131536941423013625057142315015846399068108246923324150970882570308289394
18 4 8649637547402033987928012798732837722444359854127316893585527074289943201211351140225949140749599657072887305046813167863422716438257659848460
17 5 1764417378033323097378021297545422998048321583819337862656269738458664408595530614659407235301108238607345109598131949952528213482959800055
16 6 357594460522701882445399838809326217137211133494729306243750858908328606834215698635606688318967887136439573795678362157493822261691478
15 7 22955604112878665715955879791700053130683713457350698969109239352005115058137522720633511877839827628295046483139306632293559116977
14 8 566165213145843101412617401905131023282931340318094094249945984316776490636376177139863566278088252354840323418162022329954414
13 9 33136254292642520475654679387919054955276028940416881137298791650335080885782967725349593925967268265641586163798121134
12 10 6566358450042332715040529056384644229117636128764851882944801458507051118637348787352157440833736450988092937854
11 11 -91512121801340259696609980615221534610702667371691350076549683972763014810143797540194670619914041674189
10 12 1794368213700572349328335778603122528555795629898979285122634090682696020926374487248424585792
9 13 -17295668873616317078732659722152678529573235841490942557335657567506506200604544
8 14 232907398247820633810445451959372664673616900236022901209630432
7 15 -1416474152192360416895701228459287985053373
6 16 54317015034590
21 0 -197728918838341643406642366974811203876721445556266140636669489751085373519316368308300703679393786332293806368292177726167140961958226119547883891226688
20 1 -913199370921000947846589593320735409965290760060638210167130364461508704680938797758053235126254420942482242420699671118643799243205974477291488231648
19 2 2967730010204830037492481371640063761262976526642620869146978534289076390369170035285537962854708545763255224190243257892611405778731995306728266400
18 3 -14593858568479601121320806688882558524133075128354924145695732724933292249219279813393394742298632345482834215084477116439306291021501769426340640
17 4 -21578249527853172675735697760176938051217535761208300209113846268278916636900052290342469165090655321308254039389410258013204658287806265250724
16 5 -3715825795266536287411295639392746264963630714372806181115595159091427393247493778311047680854872294316795279813813913737241368950043829512
15 6 -55418632256990679183933039006760636671209691636225361539904115358079309447948923165636944642245510372889548823399041949057713916775092
14 7 9597763010344588776323929673726757161446788526919391307819532795435448344615005649961922905560449189141565102197741300640808786720
13 8 461382288413958145911283963702833492686734523558531225808062297562636916357821387690703274185925812938687578803161681990764960
12 9 36371166166944787335878179315865903374868161745344869705187841394350041319475326300182271894369987382245059934932245400
11 10 -680486684977973901781258137015337368085923806018414444326222591167406220621025120670634064349918833105067012748
10 11 20412647952967533066242297834895586394495585092708993989076529342684957032466236667596432631565409134176
9 12 118200990148437693883488027098588156237526897523512241396156729139643632590875657198708264192
8 13 1084855702711690643063559621289476382844487061984130461831190881210674001285272
7 14 45960390888616638638640114302410034768410546174584190839028924
6 15 6231409551128278231526060965206348386913440
5 16 10805500882367029968
20 0 1033323788072550098169158840968424923311832565370642391719565055222870010857876604001289793048208352746415845700285161244695986467427608072949731187444423
19 1 6724822263509184087529160866485576298645104430394129532096212245069705495628278123818175298641894276289829080785859597543686016167552881687622885825212
18 2 19093454969282988126394491156783078278434477398859144179064431076173336971545802964960009025828718695503928983413291056392330732486356999702440158136
17 3 119999500119845886063865630532115896461708316046302855373137693497085396996880190221359150107625149568611787631828738167787863651759283626398725626
16 4 68144525690684258354287404821090972805027719604983392445326129305058092447767062650925857546713293111129667216244454958335438128825589861084171
15 5 9969149921113339791856087264615646792567167108206140871933390342267398868281313964446241192022739508095285599372047435491176391360602509520
14 6 209582658716799776194237729751347316361495771605793240829760058347065939419626416097231020831542254607978515607612123160842639721829189
13 7 -16623880603342767247646385898204585796198208922874528755796412833440976292787620710381055361329417351806597774621442922679142234758
12 8 122990849311325924549811941143804058671742256337352594907189202294662935505344469729204931380152418705665948282250211795956075
11 9 -6704415520409091969846881133267920714374929788386894074298123160963798428765314222931194394580188779265708928160192510
10 10 344269703548111480772238214261947284335599254057830001929878205457353901994930997576911213174250611397010706567
9 11 -998501897998128376734073066441025932426091861504049393935154548183493025099233500760505198210579685400
8 12 1535909678237852507746741291139336647889348265607301953170791615482841923884798851288036832
7 13 -10405652675660384592000734431686765048183201046481888338461579134716853825732
6 14 926745016506013720650198301702536418777178559434772807915100
5 15 -1400509205120302547943153264331766877802922
4 16 3267638020525229347895
19 0 -4342076018574469851384082395253403893957677148885452643697786835386582173518290784192395235973257220894298271391091169133338099935506452191619883511412648
18 1 -31184006834107567989978527370578337041073984088951769482203775596024190101054290025201902373520024625212904038554134804034214028947105656432363475097472
17 2 -210617220707939517229727341340595975620464822823291997455970511774643020779353066421076633098696391890889535068654345613817281953541721295582068311688
16 3 -350411464982495067837406097756112240784065983240756441940772514822176941276001100696423208433645969766899314363537263821381711192433165243659099360
15 4 -155251963953746003403581114374275270268402114987640925580273430721628642204431906802874071649979470848009279858238726213014375329015748367811108
14 5 -23694386233790128059052055176913137926778889756721220897836054479389209094246468632954105720365621408904694686292295745944657328873673424984
13 6 -1168902776104315173948904975140308365376481251039924984054914036479035121064832032471597822358295660402948184246687690244434887682328704
12 7 -11727388459658298863366933364141710682548226403664739768562426548072883564906381536316607475167756839434715380161385148244487763504
11 8 8561553457488660874819870689042587892304671447087168643486160349136417116982119028996220056017520176469130033607442502400608
10 9 -1414489908035754188919509906651464843355389579282908079044311117988170344121342953736606941114990642055164534624267576
9 10 37532860807617189548454755737232084016455027043756142421440089426618236046322345233964356977215885513862497424
8 11 7805976212243808493677764879884745640210205888548223222036039273573747996633057561923860799795741808
7 12 2740845656317430272565458302804080555642201415157334284107714673044673322340329618791340
6 13 10040587078831136972687812348819185126579651710648181315396405960682849168
5 14 1166876401888454043511291509907314426394566036856855812808
4 15 8065996283854336893005271256855980195760
3 16 2861548704667134991248
18 0 13516665359508673627158581020932725083549589798429681031305237714716086809945780808850488981517091107389629964587397967802281427064370297327924651787430054
17 1 130565403012142991231873528416402102387503746209841418440669135794373239451064602767140526277848375787583049984462434473032379604240590167548884616913263
16 2 705252176573913404728034817129567927588547695073397122777738199446308328742366626096013081725826060997107366870928434109047541700234935593810394982000
15 3 636816005244960741919871442541187067311747527820878410011087578454741835838938258056452129678861487966413590353333142197708778682968647417819901788
14 4 198230962431171237628842366793953752502499359797907889301376512458264255323654290060741646899331986453893125833619177796865620128934123061908380
13 5 20938433691629356682591071980701976491034749580918326036167665583434110512342467895332529349177713869012223920484945373271848236172682422425
12 6 782185773096841903356312351810131837030444583887827730612212400829532334380417412860716300620504358102082449659952570190441957638317072
11 7 -1698523896519218882374619827131640027300591892132926388180873441147614183426662972877554902458583056145250625334848272198803348962
10 8 638872307414842295521740904537162754924629278142619143812278270400052336330364199476355754080675760501107669589836502255238
9 9 -28432739600029636673214505603811232723371351204251844111435654407710492865289506243883167573544919939327842841361977
8 10 463322143896256319906025556931161814233034529535900905529104536321880396129229359786155731681624744592273392
7 11 -6522561714307659223853750210672774132077562277548350444250323961543976534025389622852645262956828
6 12 406960532927902760915878541994647952850091391822759347560955739063406340411083282086
5 13 -514607207091908567797496558083292999354907050659314198847912338041792
4 14 39719968636466467102037997636389665933477323853506570
3 15 -448031756784752876033503919588157503
2 16 1279659473883640430
1 17 -1
17 0 -30175537816533957191990555942292355200244522508371567628611815458433186573146722093393397679392000085610450720934730309476825726535699130964975955135569300
16 1 -429446415990665276734657619618350379958474082606497440397829939549226507246320831493325058039991930176644117147626672954660214451914473461000142991074904
15 2 -956451550923811703739941177340360587009366904198696315255371917684764346309294621239114683865549576699266606231119138378562307587336712508829776638952
14 3 -537284875350193568609634502540827363704767535589058177688589885740583251592050725934323285543782551018974081454159106299993331208133361751306846384
13 4 -82136837671845298720774880888569768554256193940496804709941713775694583125247318353842740788569332003172751505387928889674428844831382929627476
12 5 -4697849417743331931480474248554586085577251619944419002276125896516005631329412035133651018254905047942763757436670884996608894378758559320
11 6 -50931680284031096718959897371881960277699278961824059038874414628413049224852754470260048943833407015661543130170598843417432494016208
10 7 129078762918693632158731937379107190218987910881569699577406886350865211968257966127940670728489170078465359652681883301782998368
9 8 -21621118011618248241677830154481077301054017285564203510484131998543638106746419968952281150171330613413298798539902534564
8 9 546693895313728660544234433348041686930137035964744438246224468604010906511436376245376781756235156157717229768704
7 10 396480986350208422029770652039881355672419989980381683038621010826843204021220125458805319015875398460632
6 11 336027459039080159902480765871043548878841270001916138407554820267273240526062183669468327312
5 12 2390762208181061327195404770780938719940865885636726642088404580964916731319888
4 13 465446889958067635063445457878227054384338321746439335823487504
3 14 5029582071117482942676859272170137117238368188
2 15 3133405238113923403834716240
1 16 12652
16 0 58248111774830125459611493643213316587097687601645901049546287544771236212477861388688561357879392514472365305804354457086352343630229001603196633089677812
15 1 714232697110662196349749743647285788775727697908043822184279046675800088329273905325252221512159943202251266341946856607427608698835956818860133630818764
14 2 578603272301239645515172193434375523183023373339819478851671843809991789524002445611187422904015555490689684942057605084068634431359370940287016968540
13 3 25860911566985643467582827431360688078579214886815105707409743271467478007815027921098291136287814900488021891850296293111727761411761016534391926
12 4 -8307431911912019026764793613341156925163112511726089946624129499229964082443730814404570509653126027265689794977029955221020165761713714957085
11 5 -684883920142081262403335966883278004296006173582046513865969170875529967122843480308292043085293563305560781170685676633793712201862189536
10 6 6272115799546622624874625791548196609375639380068145568546319759254606930721975890612081621049321217133553657415172273935207187579709
9 7 -180289284500482813357794830840481389400071468545029131083610007591469311533789573871286081980888943045723607534163279449962328
8 8 55851934221750871582828044430381584955720780894632888831506751995045657708246889557279164585988309565550596534964371784
7 9 -1089736450249585867904592572633462404030179240999416538503450026738024098173423668796584211375774763189690068766
6 10 13779007440823181381891671618807158444177705251949030647444079355437653217321881388716712176605254943
5 11 -475588270340699298692920788820595943678698191869306458716985267422704906689446335028616
4 12 166889730455250394696974375549963265767421510479157415199927250823449908
3 13 -1019230009329391745885081767245808417299064602768182608
2 14 41208232933317282971710303622726339
1 15 -71981486
15 0 -74711614294729964339409493319700367789384820419071212767847684035081067706646749890800728823886727420072325033927497483606249173576203282153374634920777764
14 1 -79803043806098946483951833389316773775288966286954050261646336475053751497721637041691342402012253089138223722418770041998250615770786619811339473448816
13 2 300012781811642435147002229274020208133694393990329836649302760998792705177094634899230819372605971552018677967399843392758648301650571674056241089112
12 3 75404399390734612113824465262573245574563618756644334326003711171992049791247302277976492245772680067077489540533869105206296890614454037273920960
11 4 4941791054561069850911034574753523546674402338156198804482901515709222897274126857513241879346655324657898147389151307493477415320474179797192
10 5 39647657249960673008490346216521138695039028655030496462315588002299883028896847778480595423908146809550010160386946060937711353916273848
9 6 55203555911322253593117344498893593772303812335162308308852766061922702580062097333721505821084182692925478756221966379835621567276
8 7 -8462914030258495582172872824429716399064349272354328863512165560850604414056528685891485757082037818134366585800624457431152
7 8 184571500945985902710910529369465175351235872978745304871225796067981907698215330241247760220726153805873328570178296
6 9 47051292102210089854501316650470824531851804490525435437318096259865707180041180065361566773329377725150280
5 10 8409482626514468955742549305643622041037334369173956864953393381173612004953445823333635945216
4 11 5021286909797116128967944080910528142291720667122646528525115394870622148735520
3 12 15044238155342622087414009434849367033880975074367996668217040
2 13 39271420475285327757665843745066666758744
1 14 243310613576
14 0 92116447709632119760215353898184677398852462162035342110539027176927142675750214183671468550887422186650327357895960911221663529438560010499719467196534094
13 1 -226978269293103948303964993026735004689086964110944978575450706418272966044902792943446798434445250563278005870965201894705313715066670800421155774026154
12 2 -59352670750881689382957414195092049979088269835076287721801657898473224005370890083777922828843872335725813170740188380141356613311580183526353917304
11 3 -2467622800847974355909413465413135267639478095274087081314132933553049427849585915513470073252892997971105017694029508428083562391405345230224172
10 4 136372605307615126227996811954828802022134654130076381740723689145102637026121221268211080856850475375667410602600370745034658857498900102766
9 5 90243447360023099851491629147807696326201077640425455343181804207053547903907934888027698265423156629881361599586044333408462295720923
8 6 304828132205299476089973221137917727792417392418762820157705764808019930692412457011705978706770765570125181730944892443262183046
7 7 -3555517269279885128738081364732766345478576240023936268406625674286485379645601050874101474594347178629961900404337614102
6 8 18187653433529062246997154198097040676930136260672665614210989905466936598617441137386043636023242753872383014000
5 9 -20666496040822870380397687957016891324882251889527000932919500618345688608486475647777492604245388306
4 10 22564156922919560668979723924170161059742008843595287745842492851004984251110254415320
3 11 -35137869738466554117193097727560000180549987229031139826187967075548
2 12 6945647427911385312065751837814053457551975914
1 13 -543900277295025
13 0 -59052203573166542927060187403150930278483842427357166093690716754245850231928559215029095511419265178604952786568375191809306002613911857723440794092954376
12 1 -59675256358178364014826701290125086440124602113669832006033359699760335809461474714599675239624830142565737169244755642955249488258218739676267009329704
11 2 -13176382705078683733363502602063960854193263207164575464513368180512655107236468883363652051037225076656342550330790950368020620402109886800167414336
10 3 -894684881445595731244599846013932447935016209353269857250517427600924253097148209943849664936642852098862167747086681990228070676978241508438224
9 4 -7810033919729342619928181323028305586557753389233198779691303857655015116021768955843186597141287189096352661055566637673779052040877495420
8 5 -3216301660439459650520634954784924834081356934493245965206399686847604832576585893637881745534580872001702216398007217646717870707328
7 6 -5715989540191296677999911550665705019168162564591786828151280030033405508700255213916224057422865917572408950685912722609816
6 7 901341297248077673950537952875389436697750629325857405589531661456945918098622244532666257533261715778709667882956496
5 8 9505588335397719817191979369228739969500971298203290017171750659953769634501869568443062008691414978983032
4 9 21760573931927992403217224033267057257092918822091983257658712181017673646434217184371172256
3 10 20198330143670086433431888288050888222981043900455886746406780647924524880
2 11 357420597364032691574030235976129909329405303477936
1 12 847029359896860556
12 0 43465318606002505594208159302898620385840021075967959187828112552971251279194439883994228604612672188189441227123577577550695379766725182490649184952065845
11 1 12741184692021177120739264434899440094349421819309966306739498368709063990540131681916101325357408603125149710746161298778922173862364135627423981235128
10 2 945430075289342978906087931101389456849933000417759342502683014336971917883124540440659538387956954374034203188316827462509730353179490634648918749
9 3 7693486771966613925540392562890401954297957448062748810566940720246454426976952792558871744279040875930394388256262454647729894935146233210362
8 4 20930457165451338548336920321402787100441092531668645811732742897050290912671393922029454999728428963765287636140237866719913540647075160
7 5 708449984683733393909071609071152086199418260443048683592644767384943961850920236381932614503510743808105682575374261832413516130
6 6 3789402560892988773628785429884807132119281781621090339156991090175860654953278657208395964939339155391839577619900025477
5 7 -1015609690856027717646862152445947050303815669074475019556160501862492308350824372983721514969161964061594971366
4 8 5724358000526550728758612071272986444070104786024138745733497160114583602473995285863076195600251
3 9 -3805659090208428407994928311725611145539554849647824629031085476400075093610796
2 10 6831074354017963775452135512505305614608847124148396230
1 11 -943128804227881100438
11 0 -866351059893746305136903489500476328204882842750194363918784768505991675189622796226823905982929241002944060520590108083801136209947194915211611506981416
10 1 -15552492512888727023831461532795912649268330394017116063249605148776057157102334978592475614493927517743624008254517894383215114022839288189808054920
9 2 11404446858656488630090761853714741040437539209106949671080104220663785758498483073351927534021799585854119339459448690837457527491756812792519428
8 3 2996840160878632818583608093671842906592172958919409620477683614219971389427996715384858234490942542765688506843568080575035358041158942096
7 4 3266255947172994315243946347090509609262296634084502742047281061362818271096111892367759691513555430607290947067936580981029116740868
6 5 -16209404105348235499465708755368614158338791396978739051325998463023318301192359292625629502944136437424430363160502195857512
5 6 30188633206163882546929437659214264682697898266344713028998465305250078440322072659441748061631587202478451987324600
4 7 482688441916153837275704037279784562022050987355779397842501765001500867827493081347824880344493467536
3 8 286951714969373187286674368024174409164153731642116800086310319854067353467534435824
2 9 55811664814232787517233191525370460128944740090311598797808
1 10 758550444118917854916584
10 0 10257305436401437558604193670424090559760155008070664340548318182973179856011458933165682529619330757811794302493876054522108436739141584922790070715086
9 1 -2580120482143537805914211241316707746682501981418833829994519037286752986029386056826374694777619899039634955369441711228239192947634114447387693989
8 2 63611264433819058466293043883102896173025690713670594628016310625708162215358579087745103144052071664031168124319627776221689775684790580147114
7 3 -19804139344772929905075451842310179893152465912533401666474803751468803224853366229543160370486781374124712985816834321037841029049654768
6 4 49200208233226654253382730480372038962408847996250548883244465231150035359025851623702875257566585146784984498382321190173121022
5 5 -297727846836767607503651269755828781185984640462497358444404178529777636485124778521464284388208387710194928089227022722
4 6 14486806466208168983459456804548200983662984625746202589516681522500881272864998309418003936170277350255178
3 7 -10008018444484246123933665407209963657636306414745648940530100110084487173160927166633287
2 8 211305879546146542978069584216233256186710476183353415228073760
1 9 -440101756239566289742698984
9 0 -72854135800671802455093520493439053581667996555209440294906231131843620664784744465746265414958054229716507698506887871127050299652446301156974033412
8 1 6991849956124299227789679185896918119428045615919172187449042879479181267291736547735040258229516017728156973495783785534182918346816981972091368
7 2 12438446958487442395517565680886416912293364652984236057373144060267031731589906949560159813982875577313011653433313802092188589452491557848
6 3 -366468710948975078906940110402278570865989707102196108499098644275791214712426208353184167052463614659304570264977807550791723199728
5 4 1145850460593091040682248162960899630913505483175088231937772467997072673250177827332986272009677256458206810227251669025384
4 5 163955719991863302869137640553069662037161816444153787926094938732940095541844702110134924456724969570310324640
3 6 179452969592833695605217792758273655383053475599183202826526602119580541996408943036191814460
2 7 386058072243976877651050796406058243258021812175956095033398113536
1 8 182056821694561495505676907360
8 0 356200170385505988908164590016968516076377357428679541728172162033742641888352141036081871815993999964160993083589375457485548938145693528897692638
7 1 13989890372328654098715982112391208275809166162958702462849345246416561145013173052943030802900253216389541105865426296909255064876458947233420
6 2 1484570253404575120093479452762261045302778377367322975516280992322841526517761070797539971242716030671223302590528437376701162403152223
5 3 -1868333752198208663625177811740064648906479791159003507617251775930430505890773680737803967739500368030752109736160704872677124
4 4 707660730318714571071515771408831619069713521975157733151441504784518740627301308612296391726302424192548648319476
3 5 -1781814145558754826020460816863092235239248407270600480136174357001323427121092369570930843957538
2 6 343412602189539137772362061949204337496140963034214468944066560181754
1 7 -52497150466705461203806116906280
7 0 -1042216809219363302727215900539423596234913315996039857419292792003257903439303412164516752370574570326346019815086042041190422710651158405806300
6 1 -2701450654428694914557765243721231399708549406189905768626070740337813599039505709022025465879007750681382270029634709354100921564213320296
5 2 1196990296460006789758728288447248842814552793949838541997760800997911131292126907950159444653584508025078184493461636068256453056
4 3 1111934928311153159390035031326490146181181334532809529806713158274013465991320323319110200938644125992831698894992224
3 4 10258917966938585696515860373631817402335035586642934968782398089028706913148917362820630732384957496
2 5 145573138392271352151269812530541464905024370449432844631379302644229840
1 6 10179857808341585665145905233110112
6 0 1801551101429665432997602274859655203858422031001836344937665197744211859876104179580074072767178163296678880455287410121313346944605162738538
5 1 -195224409956118668509125499077478447876872804577524485662999450002778755970340915140830034144203300893727935017810535815677991333838
4 2 552210269886744653661514441094397079073635836563916562439834898332879623089110588490235502152186170652528918185706926322
3 3 -34849701560129147671913493094908229975613513582154224816306011922866691427909031026232440852233292802507
2 4 27759409036864987961507328753574466594510470697721756836654155657033241214
1 5 -1257395786157927233243822116554543941
5 0 1396768400390893703136067230221334402914136302833452044068677860195830771265630221248060978260694177132271698294149103180122813095992
4 1 60294323057992771191982558804772693998380864003942031356342172614126531018190100216455378407553627020739179445197795271184
3 2 68543896098951466267028470139506178918675808485408408123233061361589010841068606026526999533658347459841484
2 3 2130858370336403955262019862763742788378961761187140576841999888350420317456
1 4 91121371650180932218818992027926045116
4 0 360978117480104183989080182462768036251276891505848186719371711327052301698293748833007073677414482585812274976981511741845
3 1 -71936153029168878580446845538075023537680673705023594339513785371103538810793952494291562981394182873668489576
2 2 53408047581353246898125631926159490029053467877375767158016025401397814426127
1 3 -3401861410987198740906542151793336196630
3 0 31096826734499405133622800310323654059518175541881339946202006456498705368933195211365618533318713695530981499216
2 1 279040670252642739460010033057465895542633727033030892864156241626987686218968
1 2 52269185367737349595681092940998645402472
2 0 65186368455562367926120773517160322097765085949099597001516419021441205341430
1 1 -208246149722643231058106208559013778772155
1 0 45548727192262831483958371469879926204900
0 0 10609
