30 0 1
29 0 -1218
28 0 750375
27 0 -312177460
26 0 97844061669
25 1 -236321
25 0 -24383203360230
24 1 946283688
24 0 4982726503407419
23 1 -918333591588
23 0 -850163374333900680
22 1 468914573398264
21 2 6353784
22 0 122299698587208167085
21 1 -159048632406057810
20 2 181683445194
21 0 -14889547174675349431602
20 1 39521617215649214328
19 2 -599495756089788
20 0 1531482578360042345865291
19 1 -7525314653950183937716
18 2 872166392854025202
17 3 -2679600
19 0 -132053255611129182007121100
18 1 1125236249523414971501160
17 2 -635753765158606880840
16 3 2460313056888
18 0 9398965955840521375481753105
17 1 -133035555552296396053296831
16 2 265669846532097539666760
15 3 -32087992514334642
17 0 -536696277312844909527193355910
16 1 12232203740834071213437442832
15 2 -68894383123971116583133968
14 3 59323448811972508848
13 4 275326
16 0 23299231190793504046801208153535
15 1 -834949492435227719556023516616
14 2 11563182492764030151599198152
13 3 -38085149726123235863988
12 4 807685777416
15 0 -681763223892219053764025800415600
14 1 36972179799740818555754873108784
13 2 -1275435500089928780930717533680
12 3 12513644190592212185525088
11 4 31540743785702484
14 0 8470066345824882395649837679971315
13 1 -443087242206261908787262755559996
12 2 91942321261000673722533440225292
11 3 -2308795648645507634558522718
10 4 113761557895931097933
9 5 -10701
13 0 161710237490998966157816070290122890
12 1 -63478730671286180160622238706224784
11 2 -4218070197843435969098237035703272
10 3 240937674269923368605787691032
9 4 77539950465963755743056
8 5 23772237628
12 0 -1227146145936734144132486656222766555
11 1 4341174590523757741277102791186180344
10 2 116997595394750640955290901668767388
9 3 -14189968006241257041223318812728
8 4 13153747084806559120161231
7 5 -391444687085364
11 0 -466990356879076849550536283703690837900
10 1 -119808651165801153971926767964434376112
9 2 -1797379600307124462440849792392806000
8 3 438835121709779261743834199028408
7 4 590082664788695856781687308
6 5 286125333478092252
5 6 174
10 0 14051175522038903879253479624997551931519
9 1 891196368503420306064658203451671564369
8 2 13195719509595301940639141676871951208
7 3 -5894040785483433228050322786676878
6 4 6352292091622541943159967299
5 5 -16648001798743234379
4 6 50814873
9 0 989580041023783362657963930615868144271838
8 1 33582185924543200905582508660855190802120
7 2 -34070364530233296215500865758744128528
6 3 24632566010160750053593192366876512
5 4 12417572871968070882485935056
4 5 69237803149795442988
3 6 11369273796
8 0 25666866633788908453789789685877357552896385
7 1 -329034722236791682594672836478128057641236
6 2 274902994740173921203071431810019994920
5 3 -18730974407035972857488425100509428
4 4 2503481023034697525017367057
3 5 -11419076943842818644
2 6 7185710277
1 7 -1
7 0 308861932392128889367800125988879418155575160
6 1 -1264298445676474340233751379145699268114088
5 2 575613446317440589496951838477227787640
4 3 1107227846877530247324109207846512
3 4 15857569245109083466257684
2 5 6037858449607532
1 6 5214
6 0 1875013858467132799321393242673848632123205151
5 1 -1353923326418571032234620965443434740239250
4 2 29339927420537416362206681864525852538
3 3 -1318232739963563981380977137442
2 4 170793646173018426984
1 5 -10272861
5 0 192864632773325458848251534365289489908239210
4 1 69784895987445289222272641163663201521816
3 2 18607952018105725597811472432037572
2 3 652351585797377982775512
1 4 9480438286
4 0 6663184774603066906031133518632160995669161
3 1 -71417245623968563975406649262314853188
2 2 446285544177060259658065026
1 3 -4108842162480
3 0 76881312068041531479464613856635540877580
2 1 44241368232920303555266561992
1 2 728011816505784
2 0 157301589185173845501486910155
1 1 -35575638370254161
1 0 107281337499515022
0 0 24389
