24 0 1
23 0 94392
22 0 4240527204
21 1 108774498
21 0 119018915927208
20 1 10878863167112
19 2 6572911756
20 0 2312685039625868946
19 1 486347994127404012
18 2 10986406052484447
17 3 -58067982999
19 0 32632069839738383848104
18 1 12912207948258050068776
17 2 1168818895070567424108
16 3 723384925175280480
15 4 44708287800
18 0 341285607804807625093861108
17 1 225761533672199462844703434
16 2 54064996028492445892247208
15 3 351532180266149773299444
14 4 23393861142915784156
13 5 -10606694030
17 0 2650608342993812156260532722296
16 1 2700707992214226449258027221920
15 2 1369741546220510297322212674752
14 3 16686360639142949251488869808
13 4 14312261694369785015540640
12 5 42290314588327717656
11 6 1112074380
16 0 15041873256098475677733339269786847
15 1 22024041274207574837908883917424784
14 2 21189345526516019813010928565628804
13 3 228345785168536669554919310222196
12 4 2435210970944627261862350101479
11 5 -307060908265283661332418294
10 6 11115934012456534713
9 7 -60482847
15 0 59871567580771894167162192878014210224
14 1 115567473705785704112446218852139445664
13 2 207898875301946165915269006643129499936
12 3 2405425958755932792085104090262485488
11 4 -42747633761920344268125739754798616
10 5 89981958024814090011141030460888
9 6 139173366806129751769291180
8 7 616461430046303936
7 8 1830248
14 0 153096134937726783810089802839545644023880
13 1 314440946443098786344332532591071996909092
12 2 1286982775610970561768194170864691199117912
11 3 14614273940535423350496984726126478560492
10 4 1014569368644533301533423863997193691704
9 5 -3432678143419592037337749621781816440
8 6 38551619584004286542015484087816
7 7 -4264035794392141478576244
6 8 7554053404553400
5 9 -31050
13 0 202911975784608590775317222505977467294087440
12 1 -134439166825650315326430805209518271189466512
11 2 4792968923665613836570059843063128567750703480
10 3 -47105533575991120886816271918347534460369984
9 4 -984266971812219285515785065202499278546752
8 5 26087924089615130138047325010132412503576
7 6 630121001328828075733421164380988116
6 7 302314900239490930328870187600
5 8 7991967325633213927824
4 9 15190145704800
3 10 276
12 0 61564851253465959593615718276263687647017525180
11 1 -3710921525623387022263005027197134299238571238264
10 2 9972325584770184312054319867359413619717613009050
9 3 -450753509177042611658093908948016692071013987098
8 4 9907503231234187116750759201991712487549446970
7 5 -38881951594609508657884890140946871337174792
6 6 746894439974422430126087474154503070655
5 7 -432404144636194767329958305917121
4 8 24177431685223325522969965
3 9 -278325861938860326
2 10 968860740
1 11 -1
11 0 142454163118811650492804158939562881681672602304720
10 1 -9293714699266694747378297541528225920889653363400528
9 2 10345844681612328522651912877761376117448079653446680
8 3 -688457686722329973330256471680929082006983682931776
7 4 7464957325436587544771045573504766568723780905408
6 5 8165573020429059895242111781060604496450057144
5 6 46967317270322620819679198266981554748356
4 7 8531223228090548195370484332020880
3 8 103873351179891929519062224
2 9 84769621956810720
1 10 8196
10 0 615249411715480835951687027322013375942940790358740360
9 1 -5716887633691582518475654572776473752979146092820123708
8 2 4429183565115505767769062975863353067541838165902549528
7 3 -159358193685796372569156788422778696142453378929716788
6 4 1627738758702528170490551019223088528563508353393656
5 5 -121685326762989612603867415903526255008407165240
4 6 65176650105429905308519330098932987538504
3 7 -633431596026591461045945860430484
2 8 54204777814103883675000
1 9 -28368090
9 0 -631984928849214699061458297499299609335830369461288894096
8 1 4873791526026402467748799773484570992138370428828700463136
7 2 -252813386738178858483657311116164576672332367210645082464
6 3 3660308153664609623031256911426615569798786618728337072
5 4 19662128654923892332253899278755467537976225956109064
4 5 37892443516205245281865920949607162675785344952
3 6 324069422334247196603311294052674131100
2 7 3446331570553500854957457344
1 8 53962467848
8 0 795626819465545167493091389015450776735056932796747136178383
7 1 1682785524465044489622407062136335349295825108582429136677264
6 2 18386898205616952374190437317817079863901599847348525751236
5 3 -347519640879866637613413689816907012651931500183010542924
4 4 3090051613897576194413565636438204359264264627480151
3 5 -30909902276033986609609367466367931203637334
2 6 46957695364375901363868253981257
1 7 -61514962720527
7 0 -345984911769465042150097709335980564214121167596316940501334504
6 1 -128189303886826290519627193802510572539276510153127814552006880
5 2 1116221908095060418095743037338606697929938711435596866396352
4 3 47784999065193777711474851555463144637136853510846692592
3 4 850054432860748199774599221631049959113998182560
2 5 185970483732950021039673439984697784
1 6 43007336651707740
6 0 155939386253359966442979944233172344703951618705879307990663993172
5 1 -878604895540324400644666500090309335114012214930928337312528646
4 2 152073743253728535282327882573172751424035709062861057805672
3 3 -8743136490235619740139859374390713016112583448586156
2 4 239538910153344978633829352591877913084
1 5 -18144237478297458590
5 0 32325509632661596809171593847585556147476287097047388898430286024
4 1 81570968438358203181799665793929676804312281942905534115294024
3 2 38582561447041128168349076981090710016102981207078211228
2 3 99290421535996270030537686584531947745760
1 4 4374793948754527714200
4 0 2233186143564339588183429241496950640166826741183334906313798354
3 1 -74348030654125334007717094363959263055430830741124295575188
2 2 11467496066733382528854669850967994629598783
1 3 -541459535600500383823479
3 0 51423428181843613996683463888259490155213952655349100627907848
2 1 246653660694738273566980243037563038978572648
1 2 28035152457942175237515676
2 0 219457760975451466088018040204147379510047876
1 1 -389561380516779182551042062
1 0 312190445452533657242901912
0 0 148035889
