32 0 1
31 0 124
30 0 2914
29 0 -318184
28 0 -20921125
27 0 -41302912
26 0 34311338718
25 1 -48825
25 0 958759972116
24 1 -18205184
24 0 -17018660197623
23 1 -1204873466
23 0 -1285520457216824
22 1 36378044672
22 0 -10926207212966012
21 1 6603405420108
21 0 683598271231694680
20 1 190752057502872
19 2 46376
20 0 17054367600512622350
19 1 -5241259110533354
18 2 655275024
19 0 -78581176872582117856
18 1 -421228867437385712
17 2 403669259124
18 0 -7621075705566170995528
17 1 -5649198456929790560
16 2 83827652482682
17 0 -62415191494215705685272
16 1 214568721525413522344
15 2 8154338419182664
16 0 1232415383170363633424946
15 1 8021364116515873955086
14 2 569190870359543025
13 3 -4526
15 0 20967837815502237313373448
14 1 38795726350888490541256
13 2 23912109648959366552
12 3 226831216
14 0 -32016091440584052822775048
13 1 -2370859254757514585641034
12 2 796471245618195513026
11 3 -495771626193
13 0 -1473127278102340479588365536
12 1 -42759325636234340951173784
11 2 17280292686691366826908
10 3 188678616639408
12 0 12505662256874162119449297710
11 1 -62770478788994799056212514
10 2 283578090178813680294631
9 3 -20213788862464738
11 0 140680272596760752517320822200
10 1 3765948938282554637835888904
9 2 3032138248042651439574028
8 3 736107124649718784
7 4 124
10 0 -1135175840836914174790220720732
9 1 21634488097464030106044000160
8 2 21222078864602797502757746
7 3 -9581309583607766072
6 4 2751994
9 0 -994762043582345318793833936984
8 1 -32119999741574075423277651632
7 2 82199747575275732008219192
6 3 42357259405004886784
5 4 913025392
8 0 76616227165432356586240070504937
7 1 -262459878559265722293623284154
6 2 142595230421228760576616545
5 3 -53883493233372484498
4 4 20357117417
7 0 -405955219081543779235970201632284
6 1 -299507119349293592254219069128
5 2 73361278207573894806370024
4 3 13902342669987449328
3 4 32232122032
6 0 1009270814070817578425306282629998
5 1 -577547164335834807060247389492
4 2 5914812889053378341225162
3 3 -353159103595099713
2 4 1402297834
1 5 -1
5 0 211966131441935603877890886299648
4 1 57200037568797587721494928512
3 2 27383222232374474205924
2 3 106579683315376
1 4 3724
4 0 14316763912842090579355094401355
3 1 -212511458929091139774418346
2 2 397683291921333264
1 3 -4562846
3 0 319542275553772078094659193336
2 1 136668531009916550656
1 2 2038690376
2 0 1383719001913543927474
1 1 -248931317385
1 0 1997313645004
0 0 961
