38 0 1
37 0 -74
36 0 2923
35 0 -80364
34 0 1708179
33 0 -29669634
32 0 435578393
31 0 -5527234048
30 0 61576674206
29 0 -609089044812
28 0 5393759970426
27 0 -43022415314760
26 0 310467691158446
25 1 -851
25 0 -2033326533306724
24 1 132164
24 0 12109774297290146
23 1 -5202940
23 0 -65652295038031584
22 1 125423044
22 0 324046151692822851
21 1 -2168974373
21 0 -1455089762721554526
20 1 29231986012
20 0 5934737012925361097
19 1 -320070266972
19 0 -21930159274875768340
18 1 2922082721900
18 0 73158453942129216101
17 1 -22594430462194
17 0 -219285278035079647566
16 1 149337243921348
16 0 586950056678008174767
15 1 -847581143086748
15 0 -1391871588081328894176
14 1 4132343374686052
13 2 74
14 0 2894505306278890999418
13 1 -17250429949760481
12 2 63825
13 0 -5209071338378851654084
12 1 61189771760924884
11 2 8050460
12 0 7970399984056882856582
11 1 -182138971323872252
10 2 325849639
11 0 -10118560675839787909320
10 1 446168350452578004
9 2 5517967916
10 0 10281484152303245260818
9 1 -873344562301680274
8 2 43765830693
9 0 -7883727665747688475692
8 1 1304897459560425980
7 2 168955781020
8 0 4057439288686298695382
7 1 -1382543441496469628
6 2 312684193809
7 0 -964509517660111192192
6 1 912542762491193356
5 2 258140132876
6 0 -202886274707963972251
5 1 -297211336623010373
4 2 81172957603
5 0 127005727208358860046
4 1 31256403287705908
3 2 6950541020
4 0 27015683552857755663
3 1 -553028681237980
2 2 67749405
1 3 -1
3 0 1391276123624654484
2 1 241622699732
1 2 2234
2 0 12457728941119
1 1 -1072931
1 0 37185766
0 0 37
