44 0 1
43 0 -344
42 0 70348
41 0 -10457084
40 0 1247726614
39 0 -125146702232
38 0 10880592946438
37 1 -25542
37 0 -835721089902368
36 1 -5748584
36 0 57499748759205673
35 1 -4353059033
35 0 -3577686491687325108
34 1 1855887748256
34 0 202759333986134148348
33 1 -371262429521926
33 0 -10519350351333796744692
32 1 50542142771330960
31 2 5233788
32 0 501448251790966119860367
31 1 -5311938976730036590
30 2 68014177107
31 0 -22015723016088217302507792
30 1 458394329774153425768
29 2 -99361557597144
30 0 891541257734738132262637902
29 1 -33649436975712210552578
28 2 38199037530643366
29 0 -33317276857252507223886174096
28 1 2148368230354334734852752
27 2 -6203913484233735080
28 0 1148648678511416511804590093754
27 1 -121025445222034575594580849
26 2 766846351654564041834
25 3 -2432725
27 0 -36490956647686084743050875495980
26 1 6072262690465231291878816848
25 2 -66623246087929327510476
24 3 1658553828352
26 0 1066073159686625883689899059001984
25 1 -272912589011029247059106958626
24 2 5091663187292867929921228
23 3 -8655991836339002
25 0 -28555042384882861964307440334277784
24 1 11018963844192937328994121185112
23 2 -324101766154183743388248092
22 3 2499304563973866144
24 0 698367211993200487515798096852047863
23 1 -399880934581584394277855493888686
22 2 18486153010686125693864520266
21 3 538560884781545854478
23 0 -15509201211238316158839389207949320072
22 1 13020788546435730193280782850753680
21 2 -893528821344051130577926821112
20 3 166747355229217390441712
19 4 261096
22 0 310479271500481089541175371013120922760
21 1 -378993974186745247499929698482501968
20 2 38626782022956495023419455972766
19 3 -5711182450293377555144330
18 4 762946139296
21 0 -5548493770631206684813056086597536401512
20 1 9798830864660790903176189159774912360
19 2 -1453161161808760589274838723705560
18 3 -2390183398909835251919792832
17 4 29711525277498324
20 0 87347103230675964421726775470709216763727
19 1 -223061393741385568117283596823442688212
18 2 49435186938142066066749699296351041
17 3 -86710480905806710279232177397
16 4 115765602030165872330
19 0 -1188648835921036212064182870405788370090104
18 1 4413389587294753400956003064557556509640
17 2 -1456267282930759475257635237434828356
16 3 5407579955002044876588891385296
15 4 106318524058520851872176
18 0 13589876603526248749448438701017148940154496
17 1 -74608851240215873128424269236059060141008
16 2 37754459821263763438308538592542238880
15 3 228885184545837297823121876339004
14 4 34759390079065621440123366
13 5 -10406
17 0 -124428439300942079155453002748559332088398140
16 1 1050337049001210570767179089880096596994000
15 2 -823344837215845723074119056506675761716
14 3 -890983246135183323655556459687328
13 4 4978939211350910533750451748
12 5 28979618832
16 0 827704451443211440088214651508290183232031466
15 1 -11873714122553866148240565417872572969940366
14 2 15212533031409967175311337399520371324329
13 3 -116470721561123129981588939207537112
12 4 347616691271295059982222050099
11 5 -838120232706597
15 0 -2935959385551261222995620590307539674132801616
14 1 100728201793582218850791027377529509024094328
13 2 -223301247818184977970716771182386944212920
12 3 -447395053796532987115101975718142112
11 4 12385068217612739233437792456820
10 5 1850204465200754944
14 0 -7038014511098950115436895646607747052507379442
13 1 -556492114137597764615063848241894819026823186
12 2 2530151049082100067492508704818428514169214
11 3 3707527352098091152857732421647491484
10 4 225859294646715240671247190220090
9 5 -664040303935928644764
13 0 126062189193610659085469725356939110265741517488
12 1 942573558519516726859991234186495526411801872
11 2 -19698245322165641882300493067183465103087512
10 3 100007308767490220473702446989016718224
9 4 2031374828058328748242379310433060
8 5 52230240567518246713200
7 6 172
12 0 -157332017131902582544198493882719857281492324217
11 1 10397548139721487358263816365791285901733280111
10 2 95251824117913624455754603175219637776664314
9 3 -617926338966062404289406792870997041477
8 4 8293550004702256887053910178429931
7 5 -995083811933897192954779
6 6 84881914
11 0 -3615817841830537947430776238612550628617683923012
10 1 -55269091493239099940575885614172139616208571952
9 2 -243706458318844262313495060354623280398957132
8 3 4540405908063916911669914936594504501952
7 4 13285799774070383761674931545335988
6 5 4420026696364212167102640
5 6 113477700384
10 0 4468804412935979738407754352504189566228748260412
9 1 59438748362361051353046539078733089444216673262
8 2 275191559828142813282086527048000684187844172
7 3 -12657830502882214157527737066125001958970
6 4 6577102650569479233889011076104774
5 5 -3820967620301459086402044
4 6 4623797544350
9 0 103325414372139268094326172199082954638869388953052
8 1 262647348203293032604959111535783500672295407112
7 2 -94428824388496841344918552593066322241641116
6 3 7211714888785821561614689586726107980848
5 4 685395869472727633492642665687536
4 5 430274808070622247296896
3 6 6774994521504
8 0 358504859076535403283947513651436404760440972825857
7 1 -392457831641450853863158855605733273075392659470
6 2 41324687896054040194020821648041786805641146
5 3 -550618087111152118720009116339411686962
4 4 7995554392796773932674666731130
3 5 -2818573472105718716277
2 6 116017931146
1 7 -1
7 0 546223082709540738981656790966849513474895382943712
6 1 -238352125048273406656313234312780830170655852720
5 2 12521798317377089035808619004433527575726520
4 3 2673169357708174569832918117953862176
3 4 3171390066924046004641501284
2 5 84792459434923728
1 6 5212
6 0 338633451402180651008551045197385981234114057676422
5 1 -26484941629985517038368161469570001025017683606
4 2 60827411399982338527440513547868377033414
3 3 -240742463533523086508737905244682
2 4 2305591835048563359904
1 5 -10263926
5 0 3411422189101309134997629930236256024631547117128
4 1 131204515718700080350395469549018175968086944
3 2 3258841478384037989146667933656682376
2 3 8644262973124405163266048
1 4 9466168776
4 0 11539522638523565663223045776283482312722871686
3 1 -12250099994784372503927642446105598487833
2 2 5850720244128544787212290843
1 3 -4099110276805
3 0 13035154571585603644474058344128025392150676
2 1 576088879728747252983503407544
1 2 725389233324588
2 0 2039440386955653797622434488972
1 1 -35380537227992502
1 0 106361533583664136
0 0 1849
