54 0 1
53 0 -4770
52 0 10859859
51 0 -15821686140
50 0 16789188137139
49 1 -88830597
49 0 -14105015115788250
48 1 531086226096
48 0 10003589277817885785
47 1 -1528999896914280
47 0 -6283586152943082025200
46 1 2811316179939882192
45 2 -29041750998
46 0 3595957647691714250775390
45 1 -3700128268470143626884
44 2 4771416438381970
45 0 -1896354398859664821321821900
44 1 3709795845337133466213552
43 2 -28913400493960543272
44 0 925865798341827917279837773818
43 1 -2951040587378133187406373720
42 2 71495372371174010052498
41 3 -749219359119
43 0 -420918148054374268406548200109560
42 1 1922077638330174494003486386512
41 2 -103943928305385859173006234
40 3 141287208682241304
42 0 179403232247677898118608509945356402
41 1 -1054305038416286292343554532103082
40 2 122403702871366932296939630004
39 3 -180957189960574647055294
41 0 -72002626450720423582638618182505657420
40 1 499690432656232449784531289562729552
39 2 -160150731682665566294129846178576
38 3 822762136140814049720092608
37 4 2796465900998
40 0 27241351121566254968537330554470469739862
39 1 -208356286746523720044417959415788791800
38 2 214991344762781725652134229831706372
37 3 -1734648518289147948797104525470
36 4 239522364772035060240
39 0 -9716874707774229179249892992890433729060400
38 1 76478448265327819767504532333129479368496
37 2 -233041944828096404150559129165122833554
36 3 780742838120033168048826563561728
35 4 12986455466351604815323416
38 0 3270558712102558894007584734875375315903253435
37 1 -24035176864436062816417160437512140796530100
36 2 185956364343433740917039385378383386124802
35 3 4727067279969515888937645859789475682
34 4 4249567134853638403473498753989
33 5 -1858289027625
37 0 -1039721718059330995440396444090616544140482594150
36 1 5983588258249337090212006356925970181619028688
35 2 -107296867876469410449675986088654297972107144
34 3 -11075557274267026657308165621408614358984
33 4 -13799663966622732320240422324739964
32 5 11532435907683620774904
36 0 312071354259107938089960080643528505707527520490145
35 1 -894861415612869290720331447435909697366630476360
34 2 44330851333979022761541943461871978004696864178
33 3 10295852396692331972076037418196888708657453
32 4 18277222046323407660029041782843386763
31 5 13437016568613410715202153410
35 0 -88287134776464568526648239847543047744849487366252100
34 1 -118616204068968261990520764983300408134988043677136
33 2 -12941601223664326391789756361895989262321239764286
32 3 -2530176676866568800437733345978573634777300704
31 4 21948557275338886565556140205939965050924
30 5 1171704226772326886893963511998560
29 6 454021430982
34 0 23493650396310424115109960255790835246430919392507039657
33 1 161630628397837027999124326081895789899885920932811765
32 2 2850524695276596395682986046342615907022071901308976
31 3 -4013037468961585159992735383834147446373384741400
30 4 -83782774676883100069646112574271284594131975
29 5 -33943424456355472885959252866110794885
28 6 43582485489700025783376
33 0 -5869649138012182386223852309589487886973676720804514892190
32 1 -82362883430583303268343579810406704751595097332297567008
31 2 -800030375716701780758631526093995893916985217927883456
30 3 4869048264499111238073709588124470808706189186622400
29 4 66235039406917030926403816378016086918572727890
28 5 194247175546487296984268679656719449368664
27 6 719639310237101362413010911302
32 0 1374453822119113940543140667990093180878287918164813478592443
31 1 32391179016186841586336731977735223248596437109423711748720
30 2 423580765065516111868590371628027253585535122947789956976
29 3 -2589724872786832592171664956226610266419931342553444392
28 4 22354592645711626835554389976698967668533052656127
27 5 79402553854228073680947617774260652087450562
26 6 147910561490863678903263156639918000
25 7 -53507102357
31 0 -301099787065688577621419105660010844810215794001827645114496480
30 1 -10987079052610876618502802064678850506348043842202112506410464
29 2 -215436912794476655439249537277243254449800320738921869815164
28 3 675003601324495661050738042664488073611236168862512824640
27 4 -73979663875045617008891725237321358064990732537671208
26 5 -1014635493961474899160974846035021775573218812688
25 6 -8086345628149828832195955603448279001748
24 7 24511393941618328549020
30 0 61593053518065165681510278231043474307994273125504804684871495508
29 1 3284654111208854082132165464473622367750045384364542939310909176
28 2 80951836397412679412170204988816551516853082523800418993089444
27 3 10063121359206211520746682486999796059880176420871807181768
26 4 56909922878668106127181320717059262041019923050162383537
25 5 876861364202867456712632690573618850930369912459546
24 6 113389993209869456934223518163774521608135656
23 7 -3531807241114206485763021084309
29 0 -11742358886801698065048233681513770596833937221858125068822946720200
28 1 -860422297706794942789409279419703463318472382279575936330510175520
27 2 -22911585481941743949445417408702205872274055924861507994392102864
26 3 -74670540802994322511807521937914052790675211033208401650234976
25 4 -21498292845705772717009186610524988157477835910604367310714
24 5 284284932649163690413079084195634334104220232394444192
23 6 -576267667407090408101715417696935094345153498120
22 7 5344961726182028626601420137128907580
21 8 3477917664
28 0 2081733617825931688572033944737631475732212109968853903864220406941500
27 1 195408210074829570549840751723867270848350676071721013313855597855760
26 2 5168982251112286561003154900829407651464378073025522951853862709092
25 3 27859252041127375395666448076235958960368594521016672334730684370
24 4 3058777200387398001835352793299916556121215078836485861093631
23 5 -770853026995841319013189321216697696919898735792843124770
22 6 1674131261086144503972569008185448964742414716969352
21 7 -361809799669613607722393708502565469983011
20 8 3178424828695730386611
27 0 -342231202726254276703120178395424942555292142413301793645590062142131600
26 1 -38215089646475039165942212154418562903445284953073443056738156066042592
25 2 -986530523072574833337498096834046749361920911109088722023775724616292
24 3 -4939267556958438899140394418289449023134911321381503226603496611056
23 4 743247899495074289020877864661544657009890496826619243442455636
22 5 435305681720739820410154822297343252782351955625954269406552
21 6 -2026256912339675408725976482256030555713942049610390312
20 7 4377637602462527908429357667438304153563946060
19 8 1026098730673831169445309915546
26 0 51983279047227716610666907251604435402243632944068539387596163425279317740
25 1 6425095653710116540859168839619395615692591611143074596654904461606316852
24 2 166757996125396216619036068354538920630368429626686732569671651729738616
23 3 247081638039423770597099098296363143524065946503319851650612185107804
22 4 -406011677657004344457872950202922295503392651694641957972974056843
21 5 -81385482299049214861223826127310723884563542980103349652804155
20 6 2387829763959376512285524048305575068428970517592872755376
19 7 -10590018295677047650934838821032710366299101374705
18 8 4134425319647911444010492751616840896
17 9 -133387644
25 0 -7262591421569864071743759758958220987970248859876586174422346538853221470600
24 1 -930422391717806187377554870361812196180330600204666727853683703680920464224
23 2 -25225442936068630999205063821862498304654165468188439012332247680678293600
22 3 83954513813276509601799401490979268761148211489448495428778384386774720
21 4 58157557360920556889203054680562176153145725380324450587773962353998
20 5 -16733894601916365757674575525528913937088313636325974053257353968
19 6 -1073328226530091646336337298357016553861443570523578919148086
18 7 7818320690974936047477629902117819526743911281468460
17 8 973402751372072197320912648287902446175010
16 9 110883112179152127300
24 0 927985444212514448936453583471976389748789566135801573940253152839691948359876
23 1 116436181876700567114453364383217175683689981752468338326840207195405943162000
22 2 3327572269001769344321618595616595450056608815587939853521112434725232453848
21 3 -21445192519510640710240059264351021726163801430021141814539232918653428468
20 4 4305326682163922512203130258232047500840414800629806637957617740781747
19 5 9873920198266862719991221791701027869854100488035239260129860832222
18 6 634743959852441015048832109518964557104856686502757098082555472
17 7 -52020377298454442128052261449008601375187127642061440807
16 8 31536932769309484006213245650132705519241244779
15 9 -29200380039933125805965384989
23 0 -107646777268408035488269924505325505151236189264735129663732841300257046204260320
22 1 -12649790417432012126818437522706987156452992086865701216862180150156402147037600
21 2 -367519453239145383160404969960582557822947307139472142785484177802127542356292
20 3 2373606457088848241432018734797576716975670878395891312426428288707315394240
19 4 -2632839225064646999969671551828248155492156842221915646130551656277917280
18 5 -1090409810048238742107154904102437047360574693080205361493081083340840
17 6 -143247654226641448734455222456507589235001169375099626110983708282
16 7 -15528772272899069724805810013636994839598586582362739870008
15 8 231330001483428281859584916462332381332357975813884
14 9 90721408759193998584798739525929156
13 10 3090430
22 0 11225539168714241249546670191973425189917576712866956930957598160306590732754984679
21 1 1201208250470747013137778982152567240734490661421515004504624742053294649361990776
20 2 32581481785516595162917318994712712428426651669000162279608616505137054824426644
19 3 -134620060154602769088839034011853318173123606369688536719432869667383301669764
18 4 367141555038221384395543743395066748061678349387964800261638315298576044911
17 5 -186544367422337931922685342012442735473564464035649374587529510109867714
16 6 37864381532940809294984877271643750190865465362226802953107479707440
15 7 -7040097587473492930487221459049802809459299290408954866296146
14 8 512854491769396319154798647824377040998129712009551429
13 9 -14443653680202689508780692366655196411473
12 10 1007693424390805347
21 0 -1039202396473323003311922473807735260499719479611592044419205718842508358500116906190
20 1 -100301771835675527498504667487910928194996247045026370596724461506464323159249252448
19 2 -2221608661182347838234583592046660634288190938315705626850944820417818931681760976
18 3 2910364450585294383935164656329766969842994334714860283366908325176838719845072
17 4 -20990105403397176652998636392535484464301082452975236012633376927432836864162
16 5 51652646258232465264720677725447965298846365701833341152280006257087851320
15 6 -4704215481638291556866992334180681292238293627198984789382464904144720
14 7 1906051122628822696539437106076411134715559959571910712186569960
13 8 400926757407792498571174828598234301284589215736105240750
12 9 246478440717886642647564674201019043882054132
11 10 73967060650422497161157820
20 0 84137050453317639686934989979794312350284416738957105076467006950451269565105335650789
19 1 7316897910637830012582777570924427061836378746118958083734488657200718116976724726000
18 2 113626227678646484538715834832909860549664055807256448430174652368124535621756672052
17 3 36726587446474065406620266424611687383826187313931520864894982462192581412013490
16 4 198236879312115060919543133866483582968026672621734790787085897628711627430609
15 5 -2903734933438827967314169684990218377762264895732900362715427445681274811602
14 6 484586868682022179566493870013877165121921941329883297221911996536267120
13 7 11236751215329261110485901815915066303280140439721949313578152318
12 8 118440506183500143852557137161264785740308690285175800584385
11 9 -664984353229010039500518799081178056604215104975
10 10 48742479638381728763978624177677
9 11 -42453
19 0 -5861702669626473097618348110550903301368397101116692518138376166299572443443898231336900
18 1 -451533731157371185986819958268311589477480274821964134619403071800435776451100922329504
17 2 -4600357897218640856737274757222200614808869648940860188102548250235855229321149712604
16 3 -30008855550189235661415584129850481341038707743065095159882162569543555346578912
15 4 13351190066503967328543966111418369825535292388323480881302593139542069727926804
14 5 -92567145523645029255335703323282817559952419510266115559855809853916852937264
13 6 -26560656734131501955857160358575850086487569173789262173000565266841080362
12 7 25348522117519649996212693492434388258289817534060984697947780827400
11 8 13238876883312211294034110982582908787357193932737746960574740
10 9 342477719560017840124893585058686432857699091421476
9 10 1125293882719167039040928990669278464
8 11 1781840270486908
18 0 345785609430909461424936883075285164245076674630630376392339358857304646712635579307808085
17 1 22052795793332819468193658275088924766696626173580545121623250747520831921453502034927125
16 2 156508755464538508987839123177461666899167493257099421143313435251014270127386605832112
15 3 -266941524945557311872108247802574176588831790551034352298995346386932096043481226488
14 4 595221987733795882790182352180553160201715121820399533117176871189201145023382203
13 5 8000389010179144350372243639332710010596291334817590387016340940875926782066805
12 6 840779674922433213782595948077992128296752685939871821608380451041802691344
11 7 -1088005413209281257490589834123631272746443706534380599548636564798914
10 8 528149888108286150189351944092786488782407812988933952169865365
9 9 -35550249365434025382806694866812518594010955278045582
8 10 1738675072766633973261734772225479356716
7 11 -7689076133864407739856
17 0 -17004680494050465930307208604525198715584493694124654665419276212021726003591469836263484150
16 1 -743196704285878250790519013416434724119193229310999657200552931959025822028783111322388112
15 2 -2274616446134558218365387329511893378170657733845518481176883617130385073919824944804544
14 3 19033732655044306338094598451213437776081936253135679739299025750036513345841660827200
13 4 -49190703540106003051340462712790052801659444567715686777051079358777453617548900874
12 5 -56921057455827738184674652603478273936217348446564327187372133086254570386510536
11 6 -12111489267583806407535343940381555408762040118425585199130414034726019712214
10 7 32882189797067788000438061206477624974491236987074280806483254786790696
9 8 6623982830463779665472957767479365824870303744725932719736395710
8 9 702654927046940602231325934618087805727278507487506932
7 10 221753264028342096776597385541458665399340
6 11 115645779233716753619863596
5 12 318
16 0 685721697939517377923580643686638527095471703452419240879247718981035010918487436222907420095
15 1 11087409040010939549908456448690651077585737232705118745876949367242943661987476456035038840
14 2 -98292690359015997580982918340185791206744361361049564135985574219682669024399051683908112
13 3 13055532713786301049663581230497216940939091975728009650233167839171596049847613238488
12 4 6133055707174952820528156405815626332808369950511706383850679915370458385062626628429
11 5 -575272476934246561102288193169556932342668384752492614277645888820528212647524530
10 6 75495069164148356877375671029178018889317358166078251022880344821842552665008
9 7 -367248180744509599489121898285610401375105473883294782674866491837818167
8 8 21176720616865470366797878189231858665220076657280229831203585633
7 9 -2225187005138608280364473220245948361510515248763851095
6 10 2201513389781805998387803595523068297015388
5 11 -29532069901074693072695690707
4 12 184024967229
15 0 -22028280710238448199120562217951468064021739804336682111228676734185898353159750574238236983600
14 1 204472105392906088280073308042308435555350217966046204720426149308094158687412879400749518864
13 2 1246073175459042481575972734370335498756923206840821238586371860593925281252312357347878514
12 3 -34042549264464642949879866542034658865522648376677837965130599565036433050135118126697280
11 4 115705590939442988719811407314377108400610912887448809935420089979135520046014637865688
10 5 5124660974827825622529604039441586890165091293364428998989595080945602557497603616
9 6 -154932928621041459437083484614556052748898004203737886664504683572722799044072
8 7 984014902188463953430433328747624210278879723568423876312945773642149980
7 8 12553192305095674505941946225888366730728498371758524865246333756
6 9 820055107363219584753110398810800402066269586636841316
5 10 1278418373609358693732602644472898021224064
4 11 104089059401803511574940123932
3 12 388414767022580
14 0 546993815314738213663528886152636698678328753107613927827388839913442084173885231164472741329006
13 1 -7470363645378528587472206807505819971576872278925257826713853540081433857647021088798474361460
12 2 86588368322179465954056425205678316453570552144044854965023904252357517951538155652391786506
11 3 -567335189154531672531196723899962389464168393664232425051806192850822242565216074470723160
10 4 778147217228552802393245856089388724996202676274507366122389979132022410997109800786251
9 5 -25969904434828274475435177284176339995140512722611627592377515808102538641493744294
8 6 255186483854433785163315543356070839835039187658429107888329995421867713498664
7 7 -422337517353307784599441995316203322094686948938102781982882371156616985
6 8 866573044900706015991279987862568483236526625382224926938112727
5 9 -20435982189104618172558720527987919420301380034521153
4 10 22550039794719974225894498063895264616649
3 11 -3201031034585729481757458384
2 12 109245402696897
1 13 -1
13 0 -9477564169199359170569114167783261964802901075257843140787537686754929496120305363288149525461420
12 1 21023172888732375142616511167497751625576563028086790730311858152674179813041252964889615719792
11 2 342426774058189842510967323727940179664244202987920568430652200345664605318064787668619825144
10 3 -1764841612064892946252708432394419925623947970377501561299092036374247204903668430150300512
9 4 984037978395496319044548341010666194869761810360418166458994124543147835956173333513730
8 5 -37514683047494391079569184607568059802468944808934542792290282326881443862507915856
7 6 231768954252697384717394458438969509946181474953687653362145480040996140555000
6 7 16305342296430822022430763434048007335499987220305315188592969584398620
5 8 3487080945687156697935588479397685722953176218663765023684210
4 9 13118157243015118433064522966664676555860053691092
3 10 2233664805458535952454475242839049340
2 11 20722898732389545451724
1 12 9678
12 0 103848845962057964057815976506772645946029981844183415105660978282340648314309423533821266042478634
11 1 -807422704182629270043211032275893423000699851326859639360494625693556952934533787814617899367480
10 2 7804204033027514833735185262180509397987226251174348668785273386193500647043761487402599071946
9 3 -10358744739502498604120612007056466935088415343780948899305015742507020491155023520988113347
8 4 857314539348491804803604209375855224727091290972502439598115167547029533379136021947365
7 5 -5904369272277184887163209280952478273943332744687997130829607554725979613238623182
6 6 12996914058695797687040549743900012073379433678763859178259621894784085773128
5 7 -26325905282378982918374087196810513669558896040400253719958373490371
4 8 271237139642204933070436569992163720860449112171127592512
3 9 -36758069109611273943002797401860092746685861
2 10 35316585441046678259128923951
1 11 -40669893
11 0 -91632285884605469873982613450843818750642700931042415700808959036216306900780499575328006904270840
10 1 -5164512304913979438197889132510477416567227138907911813098735127427939663822027086508567445470064
9 2 -5077837270311144683826113697888970036557887761375850637350187659871093952199153664323093358114
8 3 -2440108917306223825042840235190206884008451392294705554078299496575500501459929612498401128
7 4 -77989320046011005649072909827984624095896443253806822885161939786361659993732008056084
6 5 631641950299376322235995975506177715011287581797895849233408778510699078116433912
5 6 17824456783524871394364912717557143732834001624360468891248467014654231052
4 7 530975785698578791705199403689469970623928405203405799943681260
3 8 55311237788217122800517759823285583733518043197914
2 9 5758240756214242018513027317905460
1 10 97321238830
10 0 331761011888522346502176196483196313946962800382924323488259431222650917511928422019048345193195394
9 1 12337752848753177796520997812926681793956690820595615550707689905621733584984998960481277095766998
8 2 19403248377548978795173438541845096902158299681405737374606728999578078744316316229139267812084
7 3 415691238013289167749569051371815053713954597209490629061092325490520012597278526466731378
6 4 850205155400685942192602301200971924513324297536276496222879563174248927719952732439
5 5 -1656076911129522556833020531481653979991708790628243661851297078896629547328405
4 6 167690246837755147724402160295094948237433871179912565779210434881200
3 7 -15537605487558400642049476518792194448119590473674656461
2 8 200089467032136743209889475966671578383
1 9 -146182308333564
9 0 -161411141785673568774497695521714297271488436032020060243106329023923841206093566272319248983982700
8 1 4554428610220455264282214808047806719711734943589814532057940318222607914183927897296891427143184
7 2 1492430898786601084286940507831543350537965908079357030570973044267926020418930411539706372336
6 3 -9877855757661001282167560138769406156975515220341687824651302268658728601165481968555136
5 4 29108936715824885373704762793784410308779367609097907679575645561896080273807145636
4 5 11667661064476860474817405002622417002762066330576663252986183988985524960
3 6 1227515171326702433965184545268318955617351171293114906909478
2 7 2114950861845503341911631094580288514467180
1 8 143307374294523744
8 0 342168036676029196510253583281225241132207305118245233968880054336308780458372580814690381502726790
7 1 -3252367987241311139732724361378648090217355189142520560157954483130454387200626336001151658228760
6 2 46186190211718728953304284670180999876676293995920269509028069690329978184719636186528523972
5 3 -132852678984332449166324575882294698633221200983873644788555215693877333201862244076830
4 4 212899499540560312712395723584393882048640191808329012632338556324139319807153
3 5 -35502819210651951069520577090382804877915518534516996864827109870
2 6 8071503865998083667898480488662455652095987728
1 7 -92430190428964088357
7 0 -78453188470272205306184862774716515855226823722920114114979270147677439357149811450003011380476400
6 1 -124927587469103512620168352156604247901761357052168414167151684007971804117305620502549083581584
5 2 195413221807848163543566773474465979012053001437367064738889411860892428184774945796174006
4 3 1086543295549173583190542581500267736075142489485075312226378842393976623637786176
3 4 447265310112921561538255728131321234080463154788846307561944909694744
2 5 11955027927550729550997313949077227273279825660312
1 6 38631536309490519766902
6 0 113091152191508448944452032682835088090361551839657448369683704884857005069659303391733293073867325
5 1 -76431358299286616065694563589115585443742878401007841971821308867504428224587814733969927364
4 2 1459107189690752478627760983955606825034382781933039107380013284150551883885338512426
3 3 -2726525125052415459973698806922204611975888120292186742479688702725384526
2 4 6879441873913709553804655415666201716999043343991440
1 5 -10064728662959271073293225
5 0 1348779790390363433558983706915043949732023020724297882630379674251137644349243770003755510550
4 1 383202628074563300600403694133539646375007505390581827669511046533264409069312594145424
3 2 8379106323157086059528424448260695736267884316598318969252157385948495901272
2 3 1431563996568098362573414510270841128381999621656171192
1 4 1524394582707091798979426198
4 0 5362047039395708557534076179852442100519626269051501122148362578061631514653458970678983
3 1 -12456348113114914640393978366367729440569055130650367600763749330485686040349480
2 2 89861498890255534995507637122647173872782061599877363290
1 3 -119134231404110490062941767519
3 0 7105563667235079435916676424940535498241905058764884136077443065243612700918484740
2 1 1109422151457694457977453143020783247336360904375422872688
1 2 3875633171551692426762347754042
2 0 587664533448567040350411979736701662708733990172174850927
1 1 -33359787442250453215753760434917
1 0 16200901155141554217509967277230
0 0 148877
