62 0 1
61 0 -122
60 0 7015
59 0 -250100
58 0 6086641
57 0 -103558358
56 0 1162158519
55 0 -5665005096
54 0 -75282568365
53 0 2106591320218
52 0 -25044504262955
51 0 149368362695452
50 0 354341755857831
49 1 -35075
49 0 -18458254867294434
48 1 2531500
48 0 210633142646549769
47 1 61685152
47 0 -1198895908928192800
46 1 -14756521956
46 0 -720691837468711276
45 1 851692719469
45 0 87731184680965096664
44 1 -28056092231420
44 0 -925139156720143283052
43 1 584759814560932
43 0 4819617557192160003552
42 1 -6903248420468364
42 0 -59735000155441898172
41 1 -1150309728069225
41 0 -239445992831870250586984
40 1 1873895686742699792
40 0 2293322081980984988438612
39 1 -41524541522797209388
39 0 -10820214599605646021039296
38 1 501909985082746890560
37 2 41846
38 0 4060246779129989233065074
37 1 -3085640620396649801444
36 2 387719355
37 0 370433790670952365347943628
36 1 -8731749805400511484152
35 2 -6641302532
36 0 -3208787866376478834424254706
35 1 418477595011325666968812
34 2 3238384806781
35 0 13624528826992690891571922168
34 1 -4650915035544006860535448
33 2 -597231331781224
34 0 -8669008682534371812881782098
33 1 24970869419697544117154533
32 2 53775718240778919
33 0 -309739568365731607886438594436
32 1 18073667962189789557910924
31 2 -3112261703366694368
32 0 2376620390769906282484737282714
31 1 -1564624603646053795677174052
30 2 128455052421112099963
31 0 -8605985010061512483263820315888
30 1 14204489084013167315997358300
29 2 -3988668373176209237546
30 0 4039342409459514115195562025954
29 1 -62370072776160151208241240089
28 2 96341448917365152002406
29 0 139044193388885282093113405145244
28 1 6497948505612780292870811996
27 2 -1852364420165609339981788
28 0 -815675450377738960632199877664618
27 1 1952646343826226468058394972448
26 2 28827047913573221443697650
25 3 -4331
27 0 1812149192922615365742262304393208
26 1 -14952697314272922461516323289988
25 2 -367546331102525655977830302
24 3 224545880
26 0 4189849913601362657269333693459334
25 1 59912045591905032961998328245422
24 2 3873043612904106997365115545
23 3 -534260340396
25 0 -46668630498316156788022589573517652
24 1 -98334047920004315406901267739988
23 2 -33931815139439518527062832368
22 3 256507091015584
24 0 147686792691979765310252468231798954
23 1 -390077018570834665890070250708832
22 2 248046929457063950067405213813
21 3 -44807628580176942
23 0 -12085827410469631309564171918213696
22 1 3510733214785701300129325965445676
21 2 -1515187681193929349064255165782
20 3 3797070149277984584
22 0 -1711154759148794156844641954038903708
21 1 -13449016714771962057666369390319049
20 2 7729765021575090431915705549916
19 3 -182877151401454999942
21 0 6332871172734089601101375914379755736
20 1 29627498352255399516038552289464140
19 2 -32849613275670334338468238044064
18 3 5499835586644704268312
20 0 -4037216509061726199899123374848083532
19 1 -21088339136826547936389844927629892
18 2 115759587685057726626441224889036
17 3 -109488505960116696826041
19 0 -46163662936906123078094165408917133088
18 1 -111740328834447604368381413630226596
17 2 -335946431919451352823930641297702
16 3 1496252346062230241283584
18 0 170615570098374578121878104894823567268
17 1 522896505136222183520774878460856133
16 2 795409176282085298991422669981073
15 3 -14339457693837533175487326
17 0 -129756863975827573939137079382172365416
16 1 -1253961474105485985959053411225877368
15 2 -1517556366859491028087568404074608
14 3 97338779221896285590223016
13 4 122
16 0 -749815397423465642480111092360005463996
15 1 2012323496031925167197384734841748492
14 2 2296041692298559667272641256192125
13 3 -468150362528291656057818108
12 4 3894728
15 0 2429133725176041418707698848574761382240
14 1 -2545855204150588917492257336843269272
13 2 -2698586970497394264097631246786382
12 3 1580825680615732019602330696
11 4 3906675948
14 0 -1843401885770526367949202934396473738051
13 1 4267402773885339734892948747556774876
12 2 2398749329797345150965591488568490
11 3 -3676208393848870464003719406
10 4 658491945181
13 0 -5402232973003757829580359684185710270674
12 1 -10760973955628469626809676140631354560
11 2 -1556728271738898845072162355059548
10 3 5703911735036597100352348544
9 4 30255148647644
12 0 17455582501171202214856544777336751581211
11 1 21091643200682428787503832093909608052
10 2 706046031019038886619593133950686
9 3 -5627513595696627071322663081
8 4 463315041502359
11 0 -25786121881540193813275044564438863503268
10 1 -22205107799082533965283440613035267888
9 2 -218031099514021529248368707475866
8 3 3287200426241030607166239352
7 4 2551852843952428
10 0 25114286265294333549858931727904782064745
9 1 7132535397143446887366567284950764375
8 2 33599348310757352744545091649343
7 3 -1022097603641120304934123702
6 4 5022862511726499
9 0 -16754599224542454827411805889977421257302
8 1 3505803949858217952355648777470724356
7 2 164811741736656166605599062878112
6 3 143935038532465417242648104
5 4 3234991115349884
8 0 8009209429634382872369848769689720487655
7 1 -1181813995763138374874102907686875388
6 2 66990751129066290129556799103459
5 3 -7131138256237354506495342
4 4 554329442172121
7 0 -2413698384395998683601921171161408331176
6 1 -113172753149557240828655277304785740
5 2 3780288334588500290294568905816
4 3 82033599692448393944224
3 4 16139709382188
6 0 438873643016497126785486699512352203619
5 1 -24005360808219785878700189082670691
4 2 23091929430123286610475957961
3 3 -102411301526514766476
2 4 24615403688
1 5 -1
5 0 7606019272376588075110091450437049242
4 1 189238782319832416204381769281164
3 2 7015937919557828664797308
2 3 1723619332803320
1 4 3722
4 0 42200067298994069700043676042059261
3 1 -52237052988621229694740787168
2 2 6272912470369489815
1 3 -4556891
3 0 77285255019503278555568769210700
2 1 2130062497321620245500
1 2 2033616326
2 0 21427044621126067566115
1 1 -247805227235
1 0 1980189157558
0 0 61
