80 0 1
79 0 316
78 0 15010
77 0 -3749656
76 0 -131593381
75 0 47292870944
74 0 -1211482667402
73 1 -16303625
73 0 -662458738002716
72 1 -25950587392
72 0 25344967979106361
71 1 -9981350610382
71 0 5466575396879801112
70 1 -1542085448224256
70 0 -419215615016824762548
69 1 -129456770581161564
69 0 -33191475281796393660408
68 1 -2413665050356781208
67 2 -20321201600
68 0 4657163729791582734518106
67 1 3041863229572777517858
66 2 303365445033920
67 0 117617981249342903095377504
66 1 436996929063250304187760
65 2 -578687983288124068
66 0 -37354185899254115356203615672
65 1 -15613766334530132399971952
64 2 -101994375687174046642
65 0 432709196843667414897824192664
64 1 -2733080069466848939066894376
63 2 159056257157403946801976
64 0 243746677886256762414782655271974
63 1 480851415027206362009072891946
62 2 86748208434606219526748591
61 3 -524199286000
63 0 -9510883597027406160206690555399016
62 1 14016226254947133716498907795320
61 2 17712070970960233865428303920
60 3 -280331144659557248
62 0 -1143317571929014939000674804029798920
61 1 -7035589071324842554788814651760990
60 2 822876506238118836754532423806
59 3 -7326106707946590277035
61 0 90766214278460912129513429191151332736
60 1 7474962848718516750747039111832728
59 2 -243921847196918452165161638554172
58 3 7330506038962471249731248
60 0 3581742278249849356845685173686814314906
59 1 58430333626884825182773013041327030002
58 2 -27404964034562688285398730543498935
57 3 20708721946743684755526112714
59 0 -604098556395572419597661790577926089591480
58 1 -2145857014372460654363621246198613895240
57 2 1660323823369330307746745242939271524
56 3 7473860996077280801354293865744
55 4 2293820227952
58 0 -2917696327000448642338502709431535620459780
57 1 -344407626323452897423528624969278783964352
56 2 191273355024495649949508432339577381366
55 3 -804174221950519681196674333391984
54 4 100502569762226479760
57 0 2849806477589994017847298363374449612360144920
56 1 30359014475566623057399795877641650594959312
55 2 -18373584073061575316286592844262637822720
54 3 -1080436267949043822718256992327583184
53 4 9976308945938416494141312
56 0 -76699956185452291291771333837038132157377662905
55 1 1387841512048376476120417826116385572238437130
54 2 739171574780268373974262891474853192604687
53 3 -307782184749683260915456153816503074578
52 4 202021575550752875983573786435
55 0 -10958246849198804993384989768815099944665373606500
54 1 -245470308537639089843507893012752614833348606392
53 2 321079526626228334003600137570826892050656824
52 3 -46031268815076680555008252252643710600720
51 4 173909811891841198852019042271552
54 0 635299142370306220203926042899486417076980331405330
53 1 -1941765796204377559272593632042487435653575451548
52 2 -12800637307321754084961558678193924727700670050
51 3 -2729238837396397661407467601146695848196371
50 4 -37259024411943610290234210563235716
49 5 -1627597279748
53 0 29426118875580741874755629957212217031726514221829680
52 1 1291691930827457776572484763804069626813792137974880
51 2 -1287313961458275944883043179974917792912150856196
50 3 459861849697757699422459750323027834736517168
49 4 -139516464068248399827713755422999396000
48 5 5834908632098265024096
52 0 -3104952117695553536823492625213096164706771217390316795
51 1 -36345794768344998867316533853821230448582388221920742
50 2 231179522050487875680674296138044649217229782026836
49 3 128140822876388138100204031743002771385380202020
48 4 -116554467349427112105707816828976389096360
47 5 4336447613848685722566897680
51 0 -9586323251345310071035855883034751720104829071641258520
50 1 -5539646651122473641461749062280143763244409653891135008
49 2 -1240579358458809781135584038757190520464916250155280
48 3 9640467600561949776649788005898205303603001336576
47 4 -52147728599593605914621347721028753231320264
46 5 115186355044977958264010840834496
50 0 12572851698252399898001686739519515950380434356292914952758
49 1 340877876638104688563439888811027112904749950470878055065
48 2 -1682471963784757891730000478011014835838015858635821776
47 3 -827871606649414134373866440535680730498774048921940
46 4 -8774174733934132552585910125509149485711391952
45 5 -1393258944474389474955292702780363680
49 0 -270311773547163822231410637470377785073075102376404550105052
48 1 17614415361567316439527738903222899132705900520945999185888
47 2 91278692976979209317815663639219738579221539237941208736
46 3 -213970372559146873657964959592074803054408613331619856
45 4 2204706030234984419878668809951370315939062793456
44 5 -3779665866191273646982131440257157798168
43 6 413418006280
48 0 -34193517492523090722450749920764980052047108311604402620879425
47 1 -1698527173002205100865780172369304689222085134329955892245788
46 2 7522048030453302265946947392824244002107905907724831585820
45 3 -10785748397428664133135773947179276494513695662711806596
44 4 1334097442573451164208869229466394808927844389903295
43 5 -3593363753202739828359940627149859893720508
42 6 29888554293850048182636
47 0 1753683179216353000000986176947282090677949660170241372930096752
46 1 -17552664182578567337131676249423303923086583371958532505415200
45 2 -659367322351471381660375366747885608525569568891863173803264
44 3 1031984080680317365935960174505145555550233556648429404304
43 4 231415569501281277813757649206921123720005945650944108
42 5 -1446720309364489516175849575581354965884587344
41 6 197199341609159983226841459152
46 0 48567634476482733948498313391819569097266653418459239267392848152
45 1 6908538101786392596207479338762958125335664696736910142014346008
44 2 -3140326656309421468557960484722489193428928525406055913896672
43 3 146662048187904194837909516670638321990206169649981749862408
42 4 5005743495808252185510788526950329888758029135968650394
41 5 158414672305371095201762116885131944403508606462
40 6 31817254779300369690853508187019680
45 0 -7432776425049293300189883464097657889258090297752333165621037920048
44 1 -101699573684612362030434319335617955167505107852616778073275997328
43 2 3023373441776337429708827072732252984765798989896266494633081680
42 3 1594898983377393679188935022742226803527229457735522263530960
41 4 -3770390403715180608040475869207425301087740487605202938480
40 5 512532031304770967207093758156187066369087760745768
39 6 -478370966595283576049007048122757208160
44 0 13827088523659361424632987428679113946558297614835557126002546518604
43 1 -20132126067460775807016873172065471571278080374739012781600480038940
42 2 -108858045957008479697204511355151639052417639583936309074480938316
41 3 -762968774470044823451265513214217807667559553611897856249403788
40 4 -436525829888194555154413293840785637790266188768779375264071
39 5 280834823560660067196122859545282475443191321705106700
38 6 2342507801385976162441456875647843312330063
37 7 -50013316998
43 0 17743659602260109336844149578648713888239804729610324200480990060978592
42 1 746738688371976592229558787786534931240046270115804884179706299298112
41 2 -5831299422483731574116709435222875402438739704341793206254220291944
40 3 -44613183816515204382540423127459421748744204359070084227338984592
39 4 16858648258585130957930218355669493435495214055947978211253352
38 5 76746242393272959358315958729133536861998812844231222424
37 6 7677037054047011094626166001437922082642990372
36 7 20586719774511908777232
42 0 -623699073396227784042452196353882793213440896599879975128616210329368512
41 1 38999617233988013583148532134551057967706226479840675808694966108494096
40 2 739569175785076365962392513068191476951822241750023303219666315005060
39 3 1325000780180636036500641909286368155149742404028377800401363647900
38 4 6688997625520711820399028248902104606709554593014323579828864678
37 5 8940373478205624024897455839009354986645189829293463734171
36 6 19425206140677331952376481522675402588623035006910
35 7 -2140409327880716291165228116636
41 0 -29982117223724546555523394411399732302705184905717371504045261587280115024
40 1 -2842475612083340064929863160683509613847187099700476878791484295217708848
39 2 812651377691703786698928918128179520374390460024885061590787478032912
38 3 214634232541075564911228655952194509242489725094498802930164471458656
37 4 348579013409876894335976747551252660133634546452878541704698192244
36 5 -997161645861650337345218802432299925193502850608711424602728
35 6 27590489356551136951815437276071220906742626576786728
34 7 1622097997631344226641195221964624992
40 0 2461198513394480748780453531175993468687467381182797369817570609989059021396
39 1 -33921950534639801935118047207808873428721287913898338154373163361205965804
38 2 -2132585185512408260398057090331218202949919206613317945226691499214092246
37 3 3110341230109509842699056314893589799204878220010250669764889890632812
36 4 -27187047520960393613359472201618880432624555623905403803248703054073
35 5 -587083080823412513389515021725713363125460720941061865594845338
34 6 23789973205877886712523372897531074606664598494967004195
33 7 -8465519929560425949486337746270043158000
39 0 15911617767428007586589604714261367867680849730560678963163296904529420655216
38 1 6797131799079698164230144965718282860296463843267976210833697563506567592208
37 2 39736959299702063791066051464140787903164603272585347396299313818240726160
36 3 -493761095237924121657558706214068527860386770776173993225677393626589648
35 4 -3660320120241700217376560944931408705428981596444846029364028403328232
34 5 -111640350067102710996922182432198542880799144372981718035792749432
33 6 13488865037448916723488041503265267521788174085312483983376
32 7 245180735142986651447899914528798013951163472
31 8 3312929148
38 0 -4926016890301774407230346970947056604380961852935880661154298641462508137537472
37 1 -109481988079318551439690909464767609125266948074832700045431881670077738193156
36 2 3321552334079533554488061517774527912183014238393847848992351105513537803404
35 3 -20537929763639886142344452353922342355475508798552528535521516031566132986
34 4 -42930263269132478650761259998152966697160789377769499306571063636076084
33 5 -11783449359853894680646259902059808410038180142450381636530658376110
32 6 5332706674832408334745735952076013381789980494021867396178334
31 7 448027085507034556635607454414579005277639870105
30 8 3131422477164987173358
37 0 166323245970059116444896798952933252074422244042460581128088180291796478876723232
36 1 -11862702010856222707146041089613451039582696190295242658215442375228429194798512
35 2 -122514086451274025962140713282870208289501087572840143094239190277622414354808
34 3 453252503172820107668099499527159754716979713143460522049489787519542177920
33 4 13986568459756529111241076439890109018282909817138148412690726499450392064
32 5 -592605077925481714676102509476640394053784483771227972464283246173752
31 6 1537419051232799150295856864835156136986206152325489230916709084
30 7 -2407945099106536986631861868324008514404331710910704
29 8 1019100538930439340260481165296
36 0 8512486504206422827854913607422399825702647390511821380468680302335205083844431244
35 1 388299445239086474259080162165376406464920733863666266024015869305535394639991796
34 2 -1514473367233004712713635127252247950724089474104549118844057590041200533050026
33 3 36488190433165144492338188662375578602261246555475392114599381067921390134280
32 4 767668612233581954869659514405406377927682979576740267201642797380419268682
31 5 19166118339657797459839241636753752652353225813715281385104171903453286
30 6 334250308281787490764330142602358128160628859821991878091173681639
29 7 -5244259082455540030659775672332902601782719256478524398
28 8 3773181396795709024288605634146428872
35 0 -429656776378012573428784293706227916359140160594560338087014767768946620234420214768
34 1 4088147416590375687368941476898781600142494481982017404115409317942824285088208272
33 2 201406981595183749053182566966120594193203592788746726892458889220731524233393832
32 3 -255557372284040293178193382851346348300967742061016565151548097608093256207648
31 4 -9367441508463759090958072097605599304614865225849477847076974559607908360064
30 5 5887740148682703630585547696079858367363282676613124901829083531158215992
29 6 56114241570764536088673192717065328445357139730302974492475036947284
28 7 -3365906551313237868616565801738419387692917600945367871888
27 8 704871513230396666810629167974341947424976
34 0 1785026657125530103133149036750714156832252112422216866140047829166261035954485450712
33 1 -870481679519902264797725102096231743835415383366424108675674652916999362626805729264
32 2 -2113444260496644610957171603380126296387303161384672045509016281519938796591908436
31 3 -30393866549707339424001904023400779317602245296969779238234435647046469431144752
30 4 -2070729649252842923113370669113334090073425865838069204773189219416027361922948
29 5 489863161605337748303243522426388800105815767964216258938513589676300628004
28 6 7390979191759696955275320208018450889595271694467339863783423582805686
27 7 -815599648572564016532607194752158724574559039527594661096440
26 8 15922664159581803623720165939855282656333188742
25 9 -128898217
33 0 883120834662894792139709906542041096847796190949686272711922817897559321208835282479792
32 1 14176091356328649337124230677992095304536439197213923041834686738853740007501273735232
31 2 -84088839466500217942183977956303666440128155747661610280052602929072135531317009840
30 3 1034434278351643639147395032097078173495545861194833821434373437827709336170502752
29 4 -45953255531041307837892045852951471459008149193727611407626151420671482739001240
28 5 20844449838475579531182716522529646497009011860958008897752651792037924903784
27 6 771579744778236149679133665527905396848802128011761180826784020070472128
26 7 1149964757563920172055397154659951242291638634718736310171296
25 8 77005691326611674152597981619449027127648738123572
24 9 126121000918071380024
32 0 -22655927682746059480125427206794002582304174922398597749746365890139953703126208668950305
31 1 401148223351237285336904338886809257756973827045549998513506603914667134186745092244740
30 2 10325882607199011319543125991199891605173340638286735849423439435448953411163467671434
29 3 3700041254290073692360324011362751460631367286920981928453058463647644034427586760
28 4 1919112112266684829923225593035465758908763895153121025144390471125819517025239936
27 5 227489156573285981225119557097915779145047622567557285844100631863036729926922
26 6 64236782828517614305077924586561403300438685640916462754767610349183170175
25 7 43464155503145327635747727542772768250906827628869288049125132540
24 8 130102740999572296137117560569919884433419963108397604
23 9 -45116147540064587820259281536
31 0 -525995887147726555521503026773207192567199557212643825131172754576116773932259654283099852
30 1 -43885332932855171350903096346622122048763910207115461632857145014812089600942199695451728
29 2 267696368039734846669180022468100443822146234253746981487218446763615795495158940728912
28 3 -5953244385370531443626719833552667562818842167215794705232047074187369244901798596480
27 4 111769346793768035577274015718281597410459675470872417514467571718569129046158132360
26 5 -27402232689352068917643640301035235311425449144711200555698686635609093457824088
25 6 4278178756006522891764711669813494563533415771578488740444883479379018498368
24 7 10632637899351749885136352909085253260971845656646496645134569003808
23 8 91526784014840651552826665603557174667478765100638461036
22 9 217328186054171389035981419092933232
30 0 53300577180415043524260996546862144146226836636705315740079043051181247756696600284893855878
29 1 600294446112648953411306760186000214583087486211837091002362897156743951674462537452596248
28 2 3639618879284774465776157965513817814673714383359651011360449097342657723633154609476260
27 3 -258295569056774593320566241002950620508825990593642668553663467978329000436712980183386
26 4 1198276050543420025836975136936510908164226330654117893395843389110516859328359610652
25 5 -1862479925997555204784743570069539614508770858500543396302322430765847158801967122
24 6 228014842323397137569182297439917164479260182911269991803913875932981901174550
23 7 1302165436400163232044800747290771891807503965583964532267909063888013
22 8 44208812086602660892141092392444626135027115009197848104318
21 9 -62899796850074547758478185103450387914904
29 0 -765552625848024754229221910687875686845973120264404655946328880386921735410129232886248884920
28 1 15043322660646090566906965216725849010840796821429724794985620401750497720794756841054905440
27 2 168324754016062511881903605484634554071741102640257247626999628570012678122241355343710136
26 3 -3377295864535226375059497670214931766136069820969500119676444520209326414388472807629328
25 4 -40270842815652096940188389608162660314418710924866500106141940629407710376432700529664
24 5 -59088388551997574222451886819299336937151215661896849650380251237798589101177408568
23 6 9699262153962138089557728790164009186728134332559207040312974009219268109700780
22 7 90210050804775989873607441293118719400777963576972332158302093891562816
21 8 8335495936822264699514661084466057390424775271753896426717976
20 9 2437609279899721464235437513416683562817786296
19 10 3020328
28 0 -38982571593499230989630052827707395591287259415660669380608808487087319086190661417585858901995
27 1 -1483100593774515356738402813598452936942989118211418395027275060826181528429649461134496409148
26 2 3541124654980617694365819579761567736425193256034880738767750768606595583181133637315592244
25 3 21175795648995875438162478362578386913909377014025996298093011154284870140444141956555212
24 4 -1011124380966278936925195704293617232079673100785036006175027365993239501762709018857558
23 5 -964246873729522237133588749978929792797238681598303156257154429429993733488023630598
22 6 327241133598581361459174246243195319452644222064455761907843865262449111966334585
21 7 2979588423686985698114100094046536266552477010706436044092612826626418500
20 8 2247549043721662796828200607032293977613146484146079530871152919
19 9 -20473120408643509624974104276152123224019615806266
18 10 1329565441946322711
27 0 2248500988469812394809453538249782938269194133055070227388281080294011080085224029408761485421680
26 1 25421510650997541804056748131293965495374523254773343277949928225216912824309221099709860705888
25 2 107825978918530982065052410201367856730588032602143387476608896258263595720554821075008594320
24 3 2612992053126752390138767160297269405103648533595715804666974980286120358433650032254339296
23 4 5792208224124695802925478266565202149578952890250320658387575202808278083211992086420864
22 5 -1937538470039628042680990916426121559681845572048648148978270480527771603059607549496
21 6 8666545297056637859999204874298644962055018256791454736740712981849627741969566300
20 7 -32615406240605024099831736907375142225463181790022457648995350564329616928
19 8 136064338841852632531228168560960328076070488902008415798969703304
18 9 50545630815126336188819748749362011474630128541373672
17 10 185191755607818223938478660
26 0 -33316445268688796123322475466714621357100506642857730136250866137622092037650326614957060794343070
25 1 290580390904900379655412005168114350256208641785231535890271524326242632039311429720313311712745
24 2 -16290003523415232362985564527512821522949072445635342193216878444299107844333004078869691872
23 3 125455388073677431496946777653253416340835144329093577560218078710999738549928754629204209180
22 4 435852155646888597528539433434329525789566024184360610820707801708343170848920001436251436
21 5 259980789680594989153548785256044523180118327836112619546082517184123763659633536328164
20 6 177547329052430636540611409267253633625952188315275319081540197702116472644664175910
19 7 -7526034837634916551388892775035560208091363260066512684302144032523090091744
18 8 22513903930530145632730624078476258687287093617382871891023820997690
17 9 -44610674663282921203437726134669840165166501911408619053
16 10 341348461025831042666077602196354
25 0 -959137367328829519809758328569607032636113794242829316601741793601937747449150617623658989031159700
24 1 -24456634237688828829418379352464658965329782586331600534950111991494063522704652958902431355279008
23 2 -252573800256021959275450929675662253631717657931957121680897311032928052607114424304275042281984
22 3 1344381518363214152025284314490285128599208450823181421791908696099138164234535518554416581168
21 4 4436870280130472973103322043671709145430159402022902111514875941419268242284005203160378808
20 5 5632207653444705867031442650632334999806321170308651995444800413880728409354471990747032
19 6 2761232004167646833729840218378772774234189645445104849439728288290482882682228858048
18 7 -319104691269115792774862240426196946977157674703653446467216425406197885360288
17 8 729055133400309698361426809809182128984423133802993676351652484900324
16 9 15930517326969639928424845177972378189687964194385816642424
15 10 36111338614161539862392299141589789312
24 0 68123100936618995460522308997730710116715053066555380992432208554905618240063270021341518261215298695
23 1 382625804178927196732721044641855637269415436643317482005691047999499193980559772394604269098531498
22 2 -4077330553690087392515020238939918963444694554032336330956685434962801872624638770899792369515300
21 3 -57916343190406651378230233866489468939988213411958221011544610574684096884634284462092201528108
20 4 -22711946452702767401605491212196017752504226587514885339896859701666032108930822974959546073
19 5 54140556744813930035502514318170098750402461957902681661633339769075142811914187874625686
18 6 31844794771296524481604333600875225689370116795786144162223013896132551540365941738895
17 7 -6480219224223504242724922264850533313643334867999683487596139236158402273983580
16 8 47000754778589254826761846331773367333826013606138245930383540997693128
15 9 -2478220369042969750270374056617661697864460254997178473484186
14 10 459013285127954701167903138501933672367675
13 11 -41870
23 0 -1999368926336731014745813716436121038618905363659007670313370120522896987488827346711139363213895555080
22 1 1476168991021163789661725853003107824896109552715795686042507260645998861483668771307559757126938720
21 2 109749926321905989052918530337012866318636992047024980600359491048144897096938793693037944650386976
20 3 -823758190641171740960132901077325806965056166105199393444831609323231355292579958189450159086960
19 4 -775663069281409426368852900837875003389443327088755095334007653406876339123855860878176067516
18 5 209238797515588911051983601816123834724399771587103406387483673289738597525127559433519528
17 6 264211683207865930801149347076195871692792032037849138356781421189590738221300579677248
16 7 -57158802588922142090794382952222606995878955770118825733291267546429182711612864
15 8 1029435723597236924719234535335815241591901015126741959122293856243932404
14 9 174177985453841524908569105200716561570428280680941560239330296
13 10 1039237134418585839595417754735591802181022996
12 11 2837196931190576
22 0 38596437394721899839036768155684562755407121202157959319610994099449955971381645601021647463503031077020
21 1 -119991518664900938289327327502819173073460719089990409671057389113126700252829242144285427325170673308
20 2 1015362963807737234512610427889412570308741667733085511048807154413442741065094951644815258671175344
19 3 14279270957287830131103322525380373851837138328134107178186450925161694774758730194959560948485768
18 4 -1335008133607672522963925433441245446256971009404463981787550612611310845869828638398560790922
17 5 42498802695134077858879323414175361317657201134077462751248273829878009356348991437143570
16 6 1513418749725846702261651169169723673779985278415809687074882258249055791393011660436326
15 7 33143615703616749008920900962027543149417548196737978815792299921841085821994173
14 8 21793599663473399706205159265673954590037852241160477432763437966229755050
13 9 -5560655681225222352522550011645399579927583596288710238098349860
12 10 523334889104933137171089878125767120649823384136
11 11 -38010162825762000447621
21 0 -524755969377362449496233142960574899262217088914417542499390290499629735500321184835221458666722023841880
20 1 1105670507650890400266903962225488607313258160918972057847058004858026150687170594278651248165372325608
19 2 -28140730314103054393261319755368239692062545787646696634638379598886363013823453663959648305243623120
18 3 115200482285950893760282129554605254165685005123765339935310153149267663160360055907495370614223824
17 4 104376761029241545789831671658007664558774549250375622804596908458598491949831102972769506223432
16 5 12092905311709467218938433588929192146719522025668335952312826219217170731707921503389401128
15 6 5667286176283838258977578103222314975485228300361866994731179746287886492556493348302404
14 7 3657575674757776434300642077549325804472851255673313077688755853813798930386377888
13 8 239953412476117996731714176090268141836154226746761393175985575628691514984
12 9 78748036354205366517167201628010383390536126906894025073720783576
11 10 65920004528435975401256225633189391247803771255412
10 11 4671321429710868920107012224
20 0 5277859125492722679618458295648464046422462038389043012557508475463693318602475951627948669572326543014266
19 1 20875111699299547075488231310428746742694528252482283183702958184495821385431292593231761966620087794810
18 2 367484142909571751196697480821399680497896113930070352795470660035600112710742592077193191326131030356
17 3 -1385908721344591253242288781735422821825353054765411512600713598743549636328486921405513856171960356
16 4 737503887819788980875489622537080071540879185300529301334699946715542799586239767527624466165769
15 5 253201603402028546490210829869912769075752302549195408044795203889085349665134707627234386742
14 6 12853855315455973049613281408836579822467663595555841891930300270859916130887613143265799
13 7 17964091183140100036100799673652027921192681038595832160105833722517181151661437660
12 8 1620191890178769890381780365267299121183725637781232785567004341006901317799
11 9 -468468436213334003302617280501787280586355880661180533782150419466
10 10 2165547634249751251575879347733210177526825524142673
9 11 -27172834269680613691812832365620
19 0 -39143682939361873273578678358268262276646553271395702289785897001483045165876867872332613345654755060958464
18 1 -607280339327238082264451401430123682157648445281801710889926333447322687545773753978738807569387276984688
17 2 -3990261891055568818464462830484147198439939894451669670154113767625163118073982175416051575918865601556
16 3 -349714349551669683708799419074708822332854265012906969021211115951197385382982329180071258169083856
15 4 -3383280513853826917728662429979632937508199452810278898079168763651201821305118574201921407150640
14 5 1620761648317904258084999128943786691809362780465805474101930006144716650772277662237648443192
13 6 14450500504604931722480147840005588136825929008872822245226155359144021028764335693124044
12 7 22797959248325679743302004351628186804091080908305585070749340189342307261014296096
11 8 5352889512225694805033920207128653160280033941455350095785495523619265627896
10 9 1069566449673007833633335376853214079257687163515118166727027391384
9 10 18136449261198832499777651293044135665522140799437252
8 11 12456922771683001231201573537832336
7 12 316
18 0 252401454390538614867843909160863832430959275632069878177991372363124423613632856528829091972160614241824440
17 1 9143831775918668012087334066174940878854128495512118478507001703024688898023548669467861633939223200532288
16 2 41792300734751332937092592733416143032462379900782887358562195334647981650540440193190448988470681672430
15 3 18796364646757676288870728359792343221011448220695108737890731888001454267141374332977833051092614060
14 4 -13745500974067210290696366830423666110948705420828400043905052710611326250000740129554632317006806
13 5 478641274235083447323693699880759085717518181804946548494606937249749103790488548668549612171
12 6 40098651869230771720261485080826116229017813331949862469304973772842382847015907001660334
11 7 -482442657542968758254060156771336612087622330614382049184368760135899515312395000
10 8 7466662803551220894099197243021648204889655696451042310252238374174234409838
9 9 -818674453340326445107380644619208964903048340098772970446123699293
8 10 35443077007877924628776259384610022451325893252103176
7 11 -570495137088463971936505580011704503
6 12 435776375666
17 0 -1394497765543702933825942333573615067921766234801005174321501757813192693529123929131727779130881208164375496
16 1 -70895948892411623184280951394014862852377276212674763286778373046133795630749394578191147907901033973466600
15 2 -210291295988187814985958924803930360735771371533041717269337315687788687121282260646967915628434583235496
14 3 124345680559939259813069432991002813354492217401109488959988892868945003550028475146693728998038273536
13 4 41907526118572884264522244397753876401879254472253854187670138078647854215884300136555264239153788
12 5 -11388361620506416947923982900302036021045746466827371751804968292078830293102022015453524578696
11 6 -65954684019159389668956899636387729078760484918248382646027953249380401297554507915646384
10 7 -2384146397134341192804916985812939105878106454904997142868384735616214963993512528
9 8 3452643086717237945827491514071518963786771559243218319660091198016102430716
8 9 173073419472388080622522519393334962936898764924159767087025587592
7 10 13660038172768232503215119667364051809788018548240196
6 11 2559707775083103963627124653302797136
5 12 15151379508428144
16 0 8650157340451179662228519495084964440877445250950341311550432761376998532059833564990184259670671733895828454
15 1 209529013798822004164539825880315912340395097547546368886472096369503597442806418045709724967529674936234242
14 2 -31790463369383516161593656572028017550290661794554748446613326907683510650640223988709351836475153348513
13 3 -426222180438258588845531491640868797524706384882628941166498827710749661866291048207858615505026322300
12 4 246446386663373147401686375312863602755879542524815764922075543987932927500362024960184804356599295
11 5 -3862689860674276279374243881090214138545735325933675091000340081682353144935156289732006809620
10 6 43395704913800425812293094266773104937628708018030628580479029332700366639486690506924435
9 7 -11991053477126113166510282429201769012129106485364089595547177296746381821665795198
8 8 399015739268946019961529919188696405858188165506015704255933486615556952484
7 9 -7685328376350606687620148733337625420391675959170730366369619466
6 10 785154567440202794213675665153755540499520544389515
5 11 -925978333532398233027947909725071380
4 12 2328439354426691678
15 0 -11668632867080320646101617005622675735472167287147685874223923530293752604486329398119004284771550258874492296
14 1 317569782765729802481980483339511145438953384401395881552082623901840869946037596402906460691006490248918328
13 2 893586359399716365525995424892530368506528846184569304042217332969627021345395229103105545642411626651520
12 3 -1189973881999723024913776472509294359698618128256352413717265253126176738124919446014348656774195227792
11 4 245197472234463931151423747779944931890874586145721201283077506222880643937655646506751282388690096
10 5 2667064070158699649115619347689371686432732338193961765037318186307278374464084067939962498568
9 6 -7885811233975498407503391174928822503500159338789362035973989607791653093845013500276152
8 7 3069441861960315709890821809586548545650461436737077891790819094664562010737153616
7 8 8086503160245878175918748523975568829788001276381501272940047524027382532
6 9 48494468773940834549326750873423657640859820823443218908585816
5 10 4293606687935837218533376011937463922579177800192
4 11 15327383821661781931540205928576384
3 12 2523175810931263664
14 0 209087723833158704879610709471641801809725531978564451326234167272008654351527910841210345351794764633188381448
13 1 -2517379338611712669676916223083819555482597114148805610359852945562771094027933613707395230115416096189870110
12 2 3546528489500955493284393359966427147617055323757469484801196660059572535742726508540933352144914998303526
11 3 -1609659316661179284404336350810030645236538799083441791642024896428652998437655875910493471562628729891
10 4 153108702208060481021689098940590882557626751262626247146528819365136156758050020439167271288447408
9 5 -268967808059099432073518298759389351528608632078424413185035856780507473712942051008145567618
8 6 358258154687354663074011539232245696523787602400662327289036781517150543825867748343790
7 7 -87517275178229840754560045186441440311905639063593936649412206567252504718666775
6 8 18065970175144322998794948885006693180507591640336064661453075152155222
5 9 -24266029207371960813981656442727861737768376427646094896024
4 10 1042695461519027730440027590106116136597620114
3 11 -4525086251275300492518513595701
2 12 4203241795347746
1 13 -1
13 0 116767720284696200087548913828852041178469840340802222489253381894303784490259584217290340881321977453274627424
12 1 -1838529536839765052605793553034711040455994202964787913051978173393261298855821142208018385025924506017543720
11 2 2083833401981214877329036165479601399891408081592283409808118266885972291525678674653254789560629278371604
10 3 -393178620640248395331481847970659488781646374485320467789813489799846008243600126657236294098525797200
9 4 18890257911269290622127307642853574015382390937863406370869850796773104965127200917895406229527896
8 5 -52792103728971689743592341278985858437192975841013628374152187452101702328246800743486044304
7 6 20715534928062811454147928311794826098853966245141488288854691689179709986835050615892
6 7 169840493144771160969984922162724513732113766670780771109764077196213449536272
5 8 2283640230718898472867892062645814403989098758521586669931995806736
4 9 366607618555007207411645413627827083826178741686082352
3 10 2113771778722913819469506457886149801460
2 11 596088908407916533421936
1 12 9676
12 0 1781110699562067429772300360470018341833373486584885923829808376284047653511895741641448348405676978199680978426
11 1 -2537309584455218390837123234281651435908041520337751095133209911047099912398620672999286385942306405795471014
10 2 1031660455088845615841571672394808907255376060019686101133343705938167484513033466689067841282917375532265
9 3 -105660501812973390723738987842740530028789400325430538748245957884955593913271393315341392065242363938
8 4 882555079188300724379811683690668533008253568509190992634309294132317857869620050730771278992600
7 5 -408663716457122240440601512344536254981437505449760306193955552988979638578515599047620188
6 6 81578041774163014455572238166408556777841948146343903866151764676864069781784567183
5 7 -11636697137003780009917945128289113513527983623940039798104010220744995440
4 8 5618168426340870564056360315157783715533269745775255746810952
3 9 -28322438100382830526356411707141573454043995776
2 10 929748209813155075921433221431
1 11 -40652030
11 0 130598382126291224901556792399815862288115464586260782761622701029829154870940218314518951642218083565438985512
10 1 -310204409881154336794339191309097174887292775553193984503363473064710707739483515434099947552171164429717896
9 2 -103930529314860854033529854315321123702075970845650246762715721001929509205602070514702838000967454288172
8 3 -1718613120558307758957584813107141747007524582905344095577074373881894499443854495123570471130089744
7 4 -4720216896212722781385475701860547679270264739375367597779672659047458900866897404705041709600
6 5 2595264420261995983330393462840657092931724857191925076286606308711026747478088967294792
5 6 5972935009543147723821992330717358304490217155581060421247615694732856640228640
4 7 9042407350189536845690659664607948431350479299828001594312624664032
3 8 37942254087258695778714050579250500109147424549818416
2 9 145499780937455197084206462465200984
1 10 97252840008
10 0 35435044927561480221779788387373547336860265854382040106955753873665745288346846416535914955209278307824862252
9 1 119963661617467516286454955770152281853445339768783229807370505183063608882715229095269659736581136884109968
8 2 15167314570146431658369997127645996379184752603098028197102080274804315166324500230670173794144478441486
7 3 36411450162127039302221732998322920443810010872555964650548581402513837976844810525472551087884176
6 4 696185247397808172770214259641364653799592647765246820515758843062990991085208830603189084
5 5 -455141292424894994335418564704775954005012750660210568321786698824375251372510255520
4 6 2491850344858179482985584828058181818380106438957417644644949815983050400
3 7 -9914135990853678002401080306273451540348415009248413863836
2 8 4939555109009077825619920599617169714078
1 9 -146035544609017
9 0 1595998597862781323806908090461189695148849367571139219637646044057000287262434534867799588220137792466500792
8 1 3411599534098090412584177352811220700999135209536985598960838082849906751503178561571148217055190121201200
7 2 42942958275101787818022943482962908461177560389800382493130411475220611682570740652914243037769734640
6 3 -33639049198030578776700950216113654094304766378975623072596405566150620924279324074185713983536
5 4 6996284629787147658565381165495590621315305545644861094452860098793301960457348040811072
4 5 156959484930032830295327369918741667416838785012518612649295108848592121327296
3 6 747167707266149488340762424161446380288428300941920121363712912
2 7 51437597838619667900516237173464064410539472
1 8 143113741595489868
8 0 214639563234835951137481874089910061024330109250212464942090420108530700448470439839620878538057112605555641
7 1 -158434015723724068253098165250869243244050629924435720960338796139552934609877756568831175752300612105102
6 2 170810786235909097713774753245643706985000765797968089596247430923062201148378218640772017833580831
5 3 -29425996256545248942159635379640608992060897969601061434264125320788337388966018184146447366
4 4 2655319380446775964063188595838959323848506829396881805209890174977925489402901795
3 5 -20939703770927854529377096672855433893218097049398305771710437540720
2 6 194283629502928716656414014394740566573288913836
1 7 -92267926471320953238
7 0 4750201472059252772478718182051679968745501992746163745438655148380389046817053323181680538929466543416564
6 1 -448396605107975102262161136781431243101386357888538485156979758771662745463256467465164546920875253048
5 2 40949453027373944176146558654387250310048920507652346751716680608831156022903269951593450242456
4 3 12763431237460190952316445687656543534352885911453074663874659373826986708389197712368
3 4 258185421749350811447659115321374304827099453469605224389695913896355712
2 5 285589068965251476933126057817681389982223610883296
1 6 38545312273282684907560
6 0 395407438056339042982284575355795393458903235658630291771402327029817601087044930075810841109890152627078
5 1 -15198815626037346580633014469560185078231191982950289521704886509295093377652184506215990813425244
4 2 16310084787843920136667705651069950578197898789669228072769078855482154950135185115509118
3 3 -1550371086134718982927030713241867097093837449654796455984543603147799118555
2 4 163398899387874807547875381271372490143658894283449360
1 5 -10036539519758974827539588
5 0 255265562605448384187998507916608084035223116208099033327510353884986918062779349802295308807580704
4 1 4100654471364075903631319957023126272195902304101585806417140269562404886258707973847295104
3 2 4713118043564419699895628246185861068981817074222073073000644455049960242585772
2 3 33850867734602927657233666670479412297324810367022022272
1 4 1519074031343115901190843312
4 0 54931298523447556037074207655664380976225705481522919185865866793624186999362697817481674539
3 1 -6950201290215565624225827882241510829749349123319491391173528214946250829641757982
2 2 2117429623728605751045289603453658790860635968349393880000
1 3 -118617129045309398538243637360
3 0 3940275801248125960913717097476952753178971326749885133408076636672718870582218498824
2 1 26069335278525858625662104604428130211998337088336576680448
1 2 3854668845285182247017990720320
2 0 13779191310224273858047893001519299459105648637999958019250
1 1 -33133592389262718552964697490425
1 0 16061998596106559224444034475916
0 0 6241
