74 0 1
73 0 146
72 0 11023
71 0 574656
70 0 23258019
69 0 778221318
68 0 22377670463
67 0 567509975104
66 0 12929240218100
65 0 268243150099708
64 0 5121049886353184
63 0 90699005378062384
62 0 1499978691527609543
61 1 77234
61 0 23286235007781425110
60 1 31717624
60 0 340822630923560284031
59 1 3436490768
59 0 4719923957976417788480
58 1 207903473232
58 0 62033319213359646386668
57 1 8735124171206
57 0 775703843378034537835940
56 1 282795368408440
56 0 9248534653609250370212320
55 1 7482355850495396
55 0 105326248544191997104589552
54 1 167755278766849008
54 0 1147478893420535204322201727
53 1 3261305108906706108
53 0 11974264519715512820498169110
52 1 55774317207906005072
52 0 119814107554193044653178951795
51 1 845499484809674151196
51 0 1150532122829269734606919674320
50 1 11370475827451249263176
49 2 -504357
50 0 10610212142783481805132191198057
49 1 134484506314923101234700
48 2 4803081063
49 0 94019827654571227758614491647366
48 1 1361358257400155607422840
47 2 1552496014808
48 0 800863017773518815999708308429535
47 1 10881416598213392391372760
46 2 289062220759699
47 0 6559269509309845991243607383414640
46 1 47055743233686274118621768
45 2 23794698154626799
46 0 51661947195922170946234829851538298
45 1 -474575761252058593479783114
44 2 1189444972684728218
45 0 391300380549023146658191225278837300
44 1 -16503152227114919357998715856
43 2 42097453921635835422
44 0 2849888111951961454352108825199150402
43 1 -289550431903613988683737176108
42 2 1159893309520686864972
43 0 19953787293266569868810541526487598288
42 1 -4021590948804866411415935440032
41 2 26542807250200869520514
42 0 134261854049214802076121367046557286292
41 1 -48586018075907420976516031714998
40 2 525161162927533868066158
41 0 867773501576311552387675323491209945360
40 1 -529521295623684122647073724076056
39 2 9195481202342145842718470
40 0 5384290802568515005993223688545704810748
39 1 -5300595791278743229591510495035648
38 2 144692777399836620069708044
37 3 117238
39 0 32048220650982517835490416712740328491920
38 1 -49229629512207429482709615385577928
37 2 2069939018146874017479770401
36 3 24789122460
38 0 182834236000786628105319095317273774796394
37 1 -426810280228344759091820803301630430
36 2 27170074384715799302176146519
35 3 89128822653840
37 0 998735437926568282299318509351913461432484
36 1 -3467215710883710615905829220324609008
35 2 329654509004719638308312236060
34 3 23044253790934196
36 0 5217658541051686722084255954254183372210682
35 1 -26450940741749797034132385697306927044
34 2 3717607130886350075033223643239
33 3 755608471743782420
35 0 26034692506777632915711485488127522895970960
34 1 -189727032785701670736035147211098428304
33 2 39103517258177223928990341691768
32 3 37885630007791522668
34 0 123885483215169707716653787246870525123418396
33 1 -1279977870992622888453860197136082803746
32 2 384444377717080166585084467054641
31 3 -395866182921098496728
33 0 561218724252888918091187938007488069824351760
32 1 -8119359599929123409613363056823114189944
31 2 3538367490196062164235699448760596
30 3 5024816967907737439860
32 0 2415711488627201348490552453032197570228335156
31 1 -48381923605428585672692478594891694008240
30 2 30527130251376360404401464472895393
29 3 1048449780376870458151460
31 0 9858526897799141350859832238814984723348897232
30 1 -270414672885842728304812757157402455477048
29 2 247096480967293506441037268436348883
28 3 -3873935500953289935976180
30 0 38051408137756548678872112377554048894490993394
29 1 -1414665068295258461757929177008802702016706
28 2 1876870132361559251038664829689835944
27 3 -336362611312527260651482848
29 0 138526102268176875529211259152605180959129513780
28 1 -6908415361010749916629029104486852429022992
27 2 13368338276196813703169362585236179274
26 3 2286694000346449872888217220
25 4 -6935
28 0 474202577881624477035314394034711021269135563274
27 1 -31386477526322912555243774430996467628671556
26 2 89148164786547619447931026739473926950
25 3 73757383233791444405061684426
24 4 3159707764
27 0 1521175446221963108254034132637912557499090365040
26 1 -132118978043907572009791471243711983880796016
25 2 555383106808288572351279952700458998852
24 3 -216992710760074698447088317568
23 4 -35225312801690
26 0 4555247452695043319378306997535353421281046959975
25 1 -512750601512194985342044063697121368174193150
24 2 3223531569242503442005519040855070306710
23 3 -7472400888985066426537845937072
22 4 55921078544011137
25 0 12679233100318960802955978734235295703823699410886
24 1 -1823967432902457839941762547951297049888562824
23 2 17370715368029117371369726896577075208106
22 3 12930805992394099278745707764256
21 4 -25433108923318114750
24 0 32644925606614483602142752597245296048317647163441
23 1 -5905906574382729202208133809564019813806687232
22 2 86511984969019917898462443509315690148008
21 3 472770172972407908413798037833096
20 4 4685917014779940261631
23 0 77319044479484770321222533308352949135774202511440
22 1 -17265867135906825513645527464596810995425188312
21 2 395844246206440160057524064338401626221363
20 3 24700138980564109699569260660032
19 4 -425198435542758293786126
22 0 167398962839072684050378790975337520091543489119675
21 1 -45149750002069105188555560901833758192912990998
20 2 1651331939983926517575979338163956432365129
19 3 -13737050001186437534507347967869200
18 4 21390519302607228537650931
21 0 328848427924195554414879192895551091608291108362390
20 1 -104506032219275260205535074404929156749134328736
19 2 6219921807604493026726048105052996501297044
18 3 1339150303584215407403947879234624
17 4 -642842451071002597941822318
20 0 580993163475252041567631957445683943050815187328471
19 1 -211801570536267348721155537335544591228707237292
18 2 20893550686294209429945412343590636159707177
17 3 270294968808716943402640397337667336
16 4 12100006169760513505304143139
19 0 913211115937756511410063779423688561435630148133488
18 1 -372442402879508183726154620403206142493089674832
17 2 61607147087783547464687591583407615563656568
16 3 183730202359368997748587300882994208
15 4 -146783938772437144212859597226
18 0 1259721850865848541811726279322985926703402700337120
17 1 -567081829189977648134283289414112976897744331434
16 2 156221762540092828849802858987476567201315167
15 3 -1216733843159843224412320498940871088
14 4 1164293135343608685089136041586
13 5 146
17 0 1498414459076723939460358398810633105108224427071780
16 1 -759299538404123769567270934832759709253778006776
15 2 331778737595196912325897683609510477721397020
14 3 3710443583583931927327640154577660544
13 4 -6054182496560634578101995353966
12 5 24301700
16 0 1501640993680445579564483676959344733802376076537164
15 1 -932938608048269002567261093836555134535040034600
14 2 570486272793936628021236742089074030927530623
13 3 17842517599108498364825865779494897386
12 4 20459592012585308874863611407618
11 5 59648590540
15 0 1230025008188785085608222773269158314724738003148480
14 1 -1102910493181586027717037473656668263765993304520
13 2 760928952948859567158961474392940009825716481
12 3 34121804015002536333023487644787042020
11 4 -44019013654419471794662696998794
10 5 18418928490284
14 0 795271444939850672090462375597886874973582684728487
13 1 -1231868682734226634111559297268656553289102861620
12 2 746080478890501317153475169965184554344592172
11 3 100709907169397543062470750278893371168
10 4 58239442343501414588240845617803
9 5 1285259890133612
13 0 401132560896979355470900951025579715980323489898710
12 1 -1164853504786253621989587566302415406450662215672
11 2 502448981428642640814128101537883960188817510
10 3 221457759617181715405820418938382380780
9 4 -44943541774752104831793742935918
8 5 25794919983823588
12 0 179833361527185343721527130964491836878709946979359
11 1 -800757373699396081878617244217094857888332532196
10 2 213230238055270243103171217839361789602478526
9 3 306906723310131148835429939646143954660
8 4 18711433247988756820924938654603
7 5 163460924121313780
11 0 94523927520516525438848358346963214821220730533296
10 1 -317808265727702641503529075831632968171344945456
9 2 50723571455615920982596212116848550479708034
8 3 216136417611916117671800271355474528980
7 4 -3746387688595707660529345235054
6 5 326364534813564676
10 0 39242587740700867941442450082820032072082663760928
9 1 -12620816762685601749395821533862758807855385092
8 2 5610884815254514587504794625531475106347116
7 3 54841677952239058439952216709408240168
6 4 303651184951602816833169130087
5 5 186753748557750572
9 0 -528178827104495293456828553524053100146894402692
8 1 37235654719318610011778382378473839420752192624
7 2 95353186945996890166108611633177887977278
6 3 3740902823913259303551793420738482636
5 4 -7627990353790694275081072510
4 5 24396011602506572
8 0 9467920682050420064120396023834959336380629011860
7 1 5029198726293730447397559388056651575440521764
6 2 93122125857171131212007640399787545557066
5 3 49199156676737824090603734956592980
4 4 38232596437560136017944361
3 5 442948113890380
7 0 -1296846499883564847750381227605659039971464771904
6 1 -323372539854123269084115247241857697939147720
5 2 -3072807536614610433626527466815756742321
4 3 73411064156494863383564300765588
3 4 -16975882437754313735930
2 5 302799440420
1 6 -1
6 0 558313542207849310803869528984185113223599556391
5 1 9272483238472120376025655854001640911504166
4 2 4010618243907174267530803123736566027
3 3 4555939222970727637092992400
2 4 67621308930656788
1 5 4466
5 0 -1769503898308023312938239063804132626744210042
4 1 14521748070793851181744945643549675188176
3 2 -109389014842425222258659944788328
2 3 721230444095218991100
1 4 -7129175
4 0 1875507860370673840848718281479531723136027
3 1 539325559732277548266517341547812752
2 2 984356545320880382648751
1 3 4859116438
3 0 -663159547612870403730811257104329584576
2 1 167628544619249776784730808
1 2 -1308248787237
2 0 953471154000399897839106391
1 1 97180557253394
1 0 -456957528258094
0 0 73
