98 0 1
97 0 194
96 0 18139
95 0 1080968
94 0 45689425
93 0 1438380602
92 0 34280747205
91 0 608482750656
90 0 7407906794289
89 0 40953579954982
88 0 -507282469041445
87 0 -14278647173353688
86 0 -107905393809072452
85 1 -990564
85 0 1365016484988255968
84 1 -142829008
84 0 46436979615701206144
83 1 -6366542426
83 0 537784987624940499496
82 1 322118821036
82 0 1078874026465056680597
81 1 66575547237182
81 0 -59487898607262725670854
80 1 5181859746832516
80 0 -881643632537965632808365
79 1 265835303876288246
79 0 -2462817119272222222767552
78 1 10063227218259450088
78 0 93089573943326135450650527
77 1 292022183094480631760
77 0 1519519005868438506845782502
76 1 6522330434953783646224
76 0 7470604671802138019384793679
75 1 108398149809102443339776
75 0 -81984332068747635887742110488
74 1 1168970429091647286898664
73 2 -25827802
74 0 -1659577456309555401352132214306
73 1 2217877514641085698618932
72 2 318304279934
73 0 -8498303489467739827959309625000
72 1 -211742405614120796490414096
71 2 -9679743992945
72 0 86980456145234148608624212475530
71 1 -4931808162383611039438995966
70 2 -15567170061882332
71 0 1803760068396443979299924308545240
70 1 -57812341122495069515952093708
69 2 -2523745132031774217
70 0 10728850075744426195679835819031965
69 1 -234725146322279474817132507942
68 2 -211941954606246753517
69 0 -50319938058608465712684983171720622
68 1 4581523030716264892778852324316
67 2 -10933249794821629372775
68 0 -1354029836725062808886244739167690363
67 1 98477299232511533897444446164828
66 2 -336034287072233047421381
67 0 -8030486057372290432744561090459395072
66 1 732981613036013525157261110947980
65 2 -2804245973482907315881390
66 0 39405530485660869038225989556969548833
65 1 -3581165472547423892106423337359822
64 2 320619265077290469226421123
65 0 1026491495670647730452899543958808390606
64 1 -150179269812049123283204087844482268
63 2 21700264090075404694608238400
64 0 6710104395533578029435563139433117444335
63 1 -1627836890372680841465141162439445062
62 2 832085975093191447851190725381
61 3 30674698
63 0 -9899790891521702930524362434734651399656
62 1 -4325703543063880818905306432653208304
61 2 23078706427404531264812729600386
60 3 18870802252640
62 0 -506169505489035631808988174362366794866680
61 1 116290253535183834206074074225623649852
60 2 484814418469078806722766988307053
59 3 -33256851170482296
61 0 -3328611335653137952824851537897305345570528
60 1 1775934890641363722825625385380841945544
59 2 7466206075450342718057089627995676
58 3 11675230139621603304
60 0 6635682435271104242728526443557233942989948
59 1 8804230565156383086367166867676868720668
58 2 68780302720986907705613826688204411
57 3 5802539403755201202550
59 0 276996859739297382692888061304740438870393368
58 1 -67837948863836531106431089661120571866808
57 2 -206758588122794940799183063610279650
56 3 787098737656137382508464
58 0 2054439281633629824905018218489615127387773345
57 1 -1523899551112647620405102991905569879177188
56 2 -22383372975285225485273661819351350089
55 3 40661820088331709662089816
57 0 2867951367902613079758104275942331224912390994
56 1 -10523474812466276770515859416113841071578224
55 2 -480955560476963365036078869701437893435
54 3 -1111809651767250822496890600
56 0 -70591281812250686055842262120210455879398254309
55 1 12674041048012498676952139403622320864855466
54 2 -6077597575057415534207700120466448511953
53 3 -310919160187199323120324228042
55 0 -572967538865180936883814971768718793204393038464
54 1 934218612738341223807564120641516765292705924
53 2 -37851100181337448424464814954316295301801
52 3 -22645852011987508571172471474024
54 0 -135153724038736002706566941350091829497010153513
53 1 8476334844903571323708157619176884325914573174
52 2 271924984786045301594300907373740055149824
51 3 -900884288393735156572404328272800
53 0 31530669705560905645760790992592344329436664021646
52 1 19911890384822717720971023983916572256042877884
51 2 10810319639106185250224352522115150726208615
50 3 -16373927564871715896685376632240600
49 4 -6256985
52 0 293893022307434551384765292676278724402469406053955
51 1 -346332755014801781456136223627757124111214493346
50 2 153748660060830244862360155671932280883614602
49 3 347944136428214254288038712754577426
48 4 63621806675751
51 0 1332634035060382075733517496640705920992440448428728
50 1 -4349063374530106013681187110717692538381379884832
49 2 1236816443711680249385931648573809840820296450
48 3 37020382732369075987295181635634134456
47 4 -2711892372697417112
50 0 2084892309710233802747804401058053636462577815944412
49 1 -18946315441014999005164068720081777648030281424780
48 2 2471748488629313408200002782604516897986734656
47 3 1466828091482504197720049748001374471608
46 4 2186256674394759278170
49 0 -6488121783655058839920951137706919442880459356346868
48 1 74723813836210417016119950130343501635399867805504
47 2 -87026323599844380234202581767493690670472849630
46 3 37874836796478703334885211508401302352688
45 4 1226579442577536013543121
48 0 56679869830236912705698888711147501570409487572654364
47 1 1706555754656728712605345596708728051431076322319396
46 2 -1458087193703752521702120603208894183131208727900
45 3 685780400368333496863302396202487621116856
44 4 677977202999269011798684571
47 0 1708129161465605307552046419505464359727399280937965432
46 1 11811097735598698824631353000724318349736538284417064
45 2 -12471324397117378923087428120021160406793026407110
44 3 8196180123307855869655521996962501714192984
43 4 223947080675436890773576859944
46 0 17966726728557146453740470210437194740357303312594241955
45 1 27105862572854799451932616513323572606711536864057172
44 2 -50843066560341442999877418947446638447526334909122
43 3 38230208106191938822067984546138660177951168
42 4 44095348884628065404100551370729
45 0 137045866402205863388049288688070720270327746620714098446
44 1 -267946800319187710161887414964412504936958329673656040
43 2 224521895046142187599796493185710974253859195171522
42 3 -834217881083624998955213272820579954928317816
41 4 5679639789086509500086939695402087
44 0 934440070071134705588220496833134278073241915108198186999
43 1 -3480298932758828486805267579363106593976618338263952760
42 2 5718696246861404181932139743316072664971371191821646
41 3 -24237889227753273010937911113821115860992584008
40 4 514940729903339867938752817673464602
43 0 6177052986057743183901914714314154985199356174768722606784
42 1 -21262507270983968232559592237624866347574020947996708840
41 2 50645517768110386860691679241441196867509166889835048
40 3 -337900417783223684783629469336590652207814207792
39 4 34648903169004595802132243985453526952
42 0 39217448038489095693369252143777429225241475437861609877563
41 1 -73475356069793269440356960062381432140965618798498549548
40 2 245354303783581951648862074540226458519336546146017594
39 3 -2803388263416314243528414447217673259019349796984
38 4 1798739224858941744983354109869103274865
37 5 446006
41 0 231779094709463344086412114076359372724621892779711951455634
40 1 -4929251769545838843914208840219824927756078114782935512
39 2 164457855981738400865405928447941289478316481344107052
38 3 -7866983333423959462234219332286379008572656729560
37 4 74168897610120840647716112992318901703180
36 5 12954176348272
40 0 1269308148697280084682017599999214516983152903828922815894145
39 1 2115231371750902096144209069993627675801656472505691029924
38 2 -8395864307054439488199633436194178587174975940263922298
37 3 149497851088494743502795840098964813054172274633828
36 4 2483624630581346044948890443172586698278931
35 5 2627060200141010380
39 0 6573751717014263647041810178853421458477002534215554557136792
38 1 20427535794887817340854228916414790648077175184876235383872
37 2 -81714174197816940698806865625073108013797148642717032660
36 3 2694593344449940869239150596875477301517430721966360
35 4 68707499395721217206460917030934985154886176
34 5 33595319606874296383792
38 0 32853677183438712389692919311273354827886122314164969281536764
37 1 139763555510983304931296361211414452990277210682121245847540
36 2 -426449259610930556013534334019253519637286260522524006266
35 3 23590149754652057311147600433734665965322704289866072
34 4 1591343720543444192676383290950848858992173014
33 5 69728470473469753778459292
37 0 158694060178978449432350864092307278367263441544278787871964832
36 1 785494889059838483827581135783700071947204138541934782046176
35 2 -1092492756490862419159501280246625075795701393568521020372
34 3 111952940651138373127128596687454799698893771067741440
33 4 31179227303747923266783390922260926427760354589
32 5 40741338141644144162627528344
36 0 733632656942599405586069910348615806748461594231721065919988360
35 1 3645458496968890626000079956771116749155481401923728736455326
34 2 2603632466351177784570957307728436743160254943664739808442
33 3 -35213595823360796639987323074341953923713723222908956
32 4 520928087740052846761274972145732806153284778003
31 5 9670773832610202755458907414692
35 0 3238427740073796987791208975264584315426361469512334500364945176
34 1 13508182272446148316968557260792618568444558794276242957050172
33 2 44302397537914699797705509780779895987166318695740222068648
32 3 -5567391614160758998833358018929130891211858920627152040
31 4 7466595682355473998797119153751564888321439002552
30 5 1200542870636360417078104615071160
34 0 13780351668360719021782158761054648524094696749117180186252824015
33 1 37317572079954104003351608547438468157913042233590313155141814
32 2 257667609920177461132819933653402074244622447101518440804942
31 3 -51808582105763226395289842491695859683294359721542224560
30 4 92215065171668124568449542319297586827505234298505
29 5 91630639372760896073315345129098660
33 0 56965579487945225965259405815525195636392514422552536999900843406
32 1 60215073904591754815050810068567358127880669492677565385467268
31 2 933228235170967551771308966897507596260455770699948074878978
30 3 -269718181922102256644555836716103811358782460383593457320
29 4 984210329883699865802306845715549797819426545304075
28 5 4759405192815594462304091990237290368
32 0 227656508184661211745146269864076524950519902399532385346763464001
31 1 -80130436128048531916772958239906093508678434892015395023581846
30 2 1982043783870973741068870363262091395648627311618157517918654
29 3 -714785863781269136462043346497769268872464304100047169436
28 4 9092511483467788940198131228065532682256954238274742
27 5 179832833700633327410318563958624521172
31 0 871871966028962532328617399748555000952290686196641845735817751872
30 1 -1298395686283880408380034859407194560337195968970204930663556592
29 2 -16237215614254047349258923760255292269989945116312435212550
28 3 1177579001476456007702003637091216850017979220126869573120
27 4 72737761257956960045947605428906083198793595442686448
26 5 5168038946218223550171389676651680614560
25 6 -13871
30 0 3205337049681785493187964888609214882199961039655695468368097277861
29 1 -8197392122121738940764177673971734150869516008893547791893328868
28 2 -19170348057906947319443149448320783818636864352719488945213660
27 3 22992739608295793310986219917962650549886568632122760438488
26 4 503465603700545041588356651377682782497796854425639733
25 5 116356444469761821320335388535972378574698
24 6 314512721721
29 0 11417425095083984278552785346023257541412140197310934273610741885778
28 1 -40863440640012964516982746369285831773074498386908743933080937016
27 2 -84038156089420949257380550156044808070467472245854243800581790
26 3 128630556015525373804021294014829549489597740134148487714840
25 4 3009183406596914570103554770730469766677220475015601562
24 5 2095139842085830486147907613658942087145104
23 6 -50598958797859606
28 0 39397264569550240672720610767646806920570667807504209368303126953725
27 1 -169385943228916967864061721196869095286329712325668752826959993828
26 2 -189471912935930663518075231770092224243807971660640497979156032
25 3 440321582423704386106707403368623627494152867147699901293668
24 4 15480804092184555823171480800843218881297211895110616661
23 5 30617467514770800050030816599471533897792736
22 6 615519657180304535884
27 0 130072943232250052299008950820281953492477339816893703725172511056920
26 1 -585769912439346663246986372625164715825896815912329700209558424248
25 2 -71271914602190894152639286958244678161530881530960293536933630
24 3 923834652883123405915689925789791313459368926383652667765800
23 4 68237815343448359694530083697334295396789272421854942832
22 5 366534659752738470533610946138218465344432080
21 6 -1440008302632249386350262
26 0 408490793177504875834861822116705788711146276150678999054598310766090
25 1 -1733278225912119210390084534076585675235043892558279267965916604868
24 2 1311830697048339357140688549670647613580546829019828174825594634
23 3 582228643201901368537698109844227442742544199030270451047944
22 4 256170582144286952011160601392920690408421531676758900406
21 5 3611413594313425078500578723905359113219826240
20 6 1012532364865543245508613076
25 0 1231664328336979333967615676168940471826323208928078890079939106364120
24 1 -4649200029765688416903548560124494570652282088857103167269391104368
23 2 6276884979532506739017663766506328862458816264742545303498913735
22 3 -3734268770132044872067012144968603044903429089654956850453296
21 4 812782151526007691207782946588758959933237877061857950475
20 5 29324635685880582448177868357785503302634934032
19 6 -275875199791496893311285313062
24 0 3576749105413466327836649381769007192221828751158961656802567706417758
23 1 -12147859824668220822669824007342503936100948563505968882794662208518
22 2 18158751837614699414050706416609661662270096706809904341268827712
21 3 -16890202192189445798697760948758085201643417144624804480137928
20 4 2158731488133892675881711892157801756815178755527317280105
19 5 195931706197035311196480984556044533771828762360
18 6 34063972809934420196761092377114
23 0 9804804979763997165132033593747168313675476082936940796709715008767528
22 1 -32088737554312568338301816299221167139078104651448965280907160163804
21 2 42466206685935463216410771118172439647308115883172952369530893559
20 3 -40909689561373588545160941474608366413106913501275530768332152
19 4 4743113279607101494944894994506464704287162691663950309368
18 5 1071654841898095088336817578270813733000869588496
17 6 -2107758679996653543668239616370918
22 0 24913694128397158288876174762161228516187565282734132411776291589633327
21 1 -83253491111421396885184035037979581424946783396511745797205750723982
20 2 98323349545548043209924462504663450913263060853913236054968753199
19 3 -69441897859091056380942045073568725591015741129923867355732288
18 4 8496808875130574098628010950653175704344642371279997034739
17 5 4753624179111323357673423157272372074511957007680
16 6 69749023952432361079181496523942492
21 0 59365062420154964021431172451886186744482530773747250841136480042997222
20 1 -198233104552145964826925537572646211030780075621940983428462470371060
19 2 235192978367792999267286984076249684087274186955158448993318896805
18 3 -91429948317794968314381674052252512415766445315345719072134568
17 4 12190775540736323761816984128822538841294526636207957215069
16 5 16867166395495994730598756084837023810837047619280
15 6 -1285474184064627216596113961503799158
20 0 133806776038141820454665987344027463020075111166712391334436518822032959
19 1 -409668640009128915049744039266714655064583831355933117131468523796388
18 2 491278181040558413369909062527133898760144310655697599989552437623
17 3 -105046750969685518331940756641302445149093064310015835244037064
16 4 13704850865653045116624123022128474355934321695754509383638
15 5 46968620959211400389541725904808504951419020245984
14 6 13489536121277970583714226566387121729
13 7 194
19 0 272793625403720286246786493957072774146894364517493610160508855278116992
18 1 -738686221916569590331480781585687068199500794653611353747956802523812
17 2 749089851427391776697247749560803787408845942362704937242312427870
16 3 -120509546171236189505946661001722519307910553178524153641028304
15 4 11750259293094734650339698624545836966396937142863511652064
14 5 99950697252480428906039837788725829199648289357712
13 6 -81146956841282715340462654574463179014
12 7 698972300
18 0 478707394309870251595556994485891891510420381499024126985269223101011955
17 1 -1230075512272494173348863731468630903158687293555982118902150944097382
16 2 721190552580344855670749040803784659060805108307982031743081527867
15 3 -136773615506659711172900497054274796175563972391475416260785608
14 4 7430015093107793998350966058976757691473733239155733979443
13 5 156683915877581169865474083011622416763525400014378
12 6 277745835771572295781166789101634860673
11 7 8522150861084
17 0 739530401561162381562460808205325220880602110058691931376719017005220346
16 1 -1734889707377369638170606737463691599665240739840602754267829526386956
15 2 360338119048977561683855544932980368595819225514849570659792152604
14 3 -124534911127515590999476341844134258887106604782901661598714952
13 4 3322683513258566375027077360734672419493694204254099404940
12 5 172026707170359376611311507920567375163969396386080
11 6 -529053336821419058506366968301553273782
10 7 7700896929290348
16 0 977535273521607138502748230650634708786690185530176007505502304853871349
15 1 -1315831959777056798023646860180461153470455317027005087604767215697214
14 2 104016665655288377990101853509634189095611450304769406427680496429
13 3 -62574919315869951216601610870773603314831715763040418025407854
12 4 996247016442208701498765042904559050287018990502248469265
11 5 123378817866123642924227145624875054788892752229588
10 6 539380991309626644257809459965132613276
9 7 1120678323131540508
15 0 913207317808797065541737252722480051464838305284598080975477399334165544
14 1 172875727169979359428849613272003202675167694332387212430675309030512
13 2 161199695413603616920429338189522649341626991418467880270794289666
12 3 8701266572452548120777968940439805997884096081591496938208680
11 4 186045338612077782532462109660568289389105279016618522088
10 5 52517031634201353150753023548805174610190357123584
9 6 -277176725722444088378123692268627499558
8 7 35994945539626546252
14 0 1009106997404302552511958846354065537079911533075378614422539163928278272
13 1 -41199576419614973099788710587797365132817548671493205949323555605708
12 2 125064962837657543787926644925516712226993114129321900994335728837
11 3 27726802741587434769466500484751796491383841164443488072068960
10 4 18539133225328713098054585806909006604236184856119637786
9 5 11656966270620519460077710858576395037431210129060
8 6 65715441657046732441857282419204065178
7 7 289096552402482431620
13 0 207335240634893284230326384345043315945865254016883282838955622618542688
12 1 -788520380279212936879927829322373601479694678548249659740458585237912
11 2 -30576518953987102227374910609162500507431896795618139806138642880
10 3 8513693513951488965084607043922448792714992622002129635629848
9 4 837213045221532790820956250253395302147345876729550887
8 5 1139198606686202718456656866934447552496150082360
7 6 -6316002426996586963776337060523951718
6 7 584104273702354740556
12 0 447010140667173784860274613199992520795693707224433747694087094526661436
11 1 104015139660025254607718145340844676888809609545726776055511865119104
10 2 83295521138248426375722031835900804570474783535346945968209571779
9 3 -354460266466981907448912139093888526969407988928322959953482
8 4 1230089488881632932522636716680867633959534132431188553
7 5 39446171124211653491017111131114164009925584548
6 6 203026139407831114657753444113919188
5 7 267008899827150003228
11 0 -290330346749493350546294269619817291666519030874765172716807194253878872
10 1 -129487730238253319775296510032982510593724163504361870108168612124528
9 2 10981569203261788500259897348477687295692931921028137724244877330
8 3 -65290279636569053552611906450385987502280416488494662134760
7 4 -117758163734947545500355067303321175212579950420932504
6 5 364180814615314846946579469884764255646518552
5 6 -1621527120319684484857908651628022
4 7 21209479352531637356
10 0 76178982739456701178055101634200523396712020702068505059062044894758715
9 1 20707018295220755438943497463709799500889378705099452715642071307600
8 2 1668924130111369976563413229107646495618653238616768045172715003
7 3 2366562334578154966092223607098038502887364428953695821784
6 4 1406956822363672254963595639958261156843597450032123
5 5 601448333926189498190591946713258175108252
4 6 1963777731138045443141674638988
3 7 163732099237036316
9 0 -11048375339353378013295516789958587850353281744641812482345702970847898
8 1 159300459931207381424980304428330574882995895580564142979058071656
7 2 41074220511406022590863530730279533718755113325410981206830905
6 3 62392456332686250348582272019318025683355287589961563312
5 4 -1631668393986922171412072582929026585489528328879
4 5 94632333302453016871455423643784035504
3 6 -146018916940647175100488534
2 7 26439537588620
1 8 -1
8 0 957161432330164913670536487352692479819193553616603574302280924235473
7 1 -55974716924480125515085118565678221378076520171532475646679647306
6 2 33322192541514580882184495262627635035170583886880714225299
5 3 155044505290830844099903135662252391748431399888776310
4 4 95817865490467792214153253332572752185267290
3 5 420266958012089412581602360128460
2 6 45047672885533707513
1 7 5954
7 0 -47325649758310342049533810951372633951879901084078928585333713546496
6 1 -818040461431831348102560399759630928742676610427981948694331772
5 2 -1182899574528263733047406080396091712327859206095215846697
4 3 7333035500236293323043518557042738337500879039848
3 4 -78164614124528083545125407237587008408
2 5 2604109860190501186660336
1 6 -13934351
6 0 1081315963222560716611541275450104232412167700560329316867446417765
5 1 1609170170411699667639014847459304979491126968986093825941502
4 2 69552504816875356979386007125165173304240625011883236
3 3 2441748219796096399157025870033986268990216
2 4 21379659812688438381912879303
1 5 16223840246
5 0 -121233375615846442475373916201769862535664783099539918635468358
4 1 83529628773307759575116766110174800687483944503175546412
3 2 -20992323269574574397263068631020268377719051345
2 3 37197720291445127073232534392800
1 4 -9797135718425
4 0 4540674824481430047815719638042984990362647207093524447025
3 1 61709621249688894511378605814482535280655965016166
2 2 14189236297049427684745899363374462
1 3 2903994651147658
3 0 -56719875585393068765569551930365808747371529288106168
2 1 871947068452820239211744110822888496
1 2 -356918843366772442
2 0 2034863800193474073957568889064899707
1 1 12011244486802611996
1 0 -24334037187776959486
0 0 97
